{
  "advancedEditorSelectedIdentifier" : "ShaderGraphEditorPluginID",
  "openSceneRelativePaths" : [
    "Immersive.usda",
    "Materials\/Nodes\/UENode.usda",
    "Materials\/Nodes\/UnityNode.usda"
  ],
  "recentIdentifiers" : {
    "69F48840-7E19-4AE3-B581-9AC6CF6B9217" : [

    ],
    "6B3CFE20-BE03-4412-91D9-2DEA5CE4F5BE" : [

    ],
    "7FF16649-B3D7-4A5B-9193-076A64EB06E6" : [

    ],
    "AFFFB4F2-1C93-4D85-B6B0-5EF91C29D232" : [

    ]
  },
  "sceneCameraHistory" : {
    "69F48840-7E19-4AE3-B581-9AC6CF6B9217" : [
      {
        "date" : 757242751.249279,
        "title" : "Untitled",
        "transform" : [
          -0.9919159,
          3.934838e-08,
          0.12689696,
          0,
          0.0076962346,
          0.9981591,
          0.060158867,
          0,
          -0.12666337,
          0.060649168,
          -0.9900899,
          0,
          -0.03822398,
          -0.10133278,
          -0.31233603,
          1
        ]
      },
      {
        "date" : 757230168.273476,
        "title" : "Untitled",
        "transform" : [
          -0.9919159,
          3.934838e-08,
          0.12689696,
          0,
          0.0076962346,
          0.9981591,
          0.060158867,
          0,
          -0.12666337,
          0.060649168,
          -0.9900899,
          0,
          -0.03732715,
          0.01498194,
          -0.30532575,
          1
        ]
      },
      {
        "date" : 757230162.398481,
        "title" : "Untitled",
        "transform" : [
          -0.9919159,
          3.7718564e-08,
          0.12689705,
          0,
          0.0076962383,
          0.9981591,
          0.060158867,
          0,
          -0.12666345,
          0.060649164,
          -0.99008983,
          0,
          -0.03732718,
          0.014981935,
          -0.30532572,
          1
        ]
      },
      {
        "date" : 757225278.277927,
        "title" : "Untitled",
        "transform" : [
          -0.9919158,
          3.655441e-08,
          0.12689714,
          0,
          0.007696244,
          0.9981591,
          0.06015887,
          0,
          -0.12666355,
          0.060649168,
          -0.99008983,
          0,
          -0.02716935,
          -0.32327026,
          -0.3366995,
          1
        ]
      },
      {
        "date" : 756891676.515309,
        "title" : "Untitled",
        "transform" : [
          -0.9919159,
          3.6554415e-08,
          0.12689716,
          0,
          0.007696244,
          0.9981591,
          0.06015887,
          0,
          -0.12666357,
          0.06064917,
          -0.9900899,
          0,
          -0.039657794,
          0.015404895,
          -0.31435585,
          1
        ]
      },
      {
        "date" : 756891674.044122,
        "title" : "Untitled",
        "transform" : [
          -0.9919158,
          3.702007e-08,
          0.12689719,
          0,
          0.007696246,
          0.9981591,
          0.06015886,
          0,
          -0.12666361,
          0.06064916,
          -0.99008983,
          0,
          -0.039657824,
          0.015404896,
          -0.3143559,
          1
        ]
      },
      {
        "date" : 756891670.543962,
        "title" : "Untitled",
        "transform" : [
          -0.9919158,
          3.6787238e-08,
          0.12689722,
          0,
          0.0076962477,
          0.9981591,
          0.06015886,
          0,
          -0.12666364,
          0.06064916,
          -0.99008983,
          0,
          -0.039657835,
          0.015404896,
          -0.3143559,
          1
        ]
      },
      {
        "date" : 756891506.054038,
        "title" : "Untitled",
        "transform" : [
          -0.9919158,
          3.702007e-08,
          0.12689728,
          0,
          0.0076962514,
          0.9981591,
          0.06015886,
          0,
          -0.1266637,
          0.06064916,
          -0.99008983,
          0,
          -0.01982892,
          0.007702447,
          -0.15717797,
          1
        ]
      },
      {
        "date" : 756891503.851158,
        "title" : "Untitled",
        "transform" : [
          -0.9919158,
          3.702007e-08,
          0.1268973,
          0,
          0.0076962532,
          0.9981591,
          0.06015886,
          0,
          -0.12666373,
          0.06064916,
          -0.99008983,
          0,
          -0.019828927,
          0.007702449,
          -0.15717797,
          1
        ]
      },
      {
        "date" : 756891500.775641,
        "title" : "Untitled",
        "transform" : [
          -0.9919157,
          3.515742e-08,
          0.12689748,
          0,
          0.0076962626,
          0.9981591,
          0.060158856,
          0,
          -0.12666392,
          0.060649157,
          -0.99008983,
          0,
          -0.01982896,
          0.0077024437,
          -0.15717797,
          1
        ]
      }
    ],
    "AFFFB4F2-1C93-4D85-B6B0-5EF91C29D232" : [
      {
        "date" : 756283424.199583,
        "title" : "Untitled",
        "transform" : [
          0.9856349,
          1.4901161e-08,
          -0.1688895,
          0,
          0.033165403,
          0.9805291,
          0.19355255,
          0,
          0.16560109,
          -0.19637349,
          0.96644384,
          0,
          0.14336108,
          -0.1700007,
          0.8366517,
          1
        ]
      },
      {
        "date" : 756282825.080697,
        "title" : "Untitled",
        "transform" : [
          0.99999994,
          0,
          0,
          0,
          0,
          0.7071068,
          -0.7071067,
          0,
          0,
          0.7071067,
          0.7071068,
          0,
          0,
          0.6121432,
          0.6121433,
          1
        ]
      }
    ]
  },
  "sceneViewportBackgroundColors" : {

  },
  "selectedSceneRelativePath" : "Materials\/Nodes\/UnityNode.usda"
}