{
  "advancedEditorSelectedIdentifier" : "ProjectBrowser",
  "openSceneRelativePaths" : [
    "Immersive.usda"
  ],
  "recentIdentifiers" : {
    "06736923-D089-4A07-BFAC-C76EE035BD38" : [

    ],
    "57AC3670-B982-42CF-9F22-09AF2B10691D" : [

    ],
    "69F48840-7E19-4AE3-B581-9AC6CF6B9217" : [

    ],
    "6B3CFE20-BE03-4412-91D9-2DEA5CE4F5BE" : [

    ],
    "7FF16649-B3D7-4A5B-9193-076A64EB06E6" : [

    ],
    "A7518375-FB43-4E8E-85ED-EEBF68DC0A95" : [

    ],
    "AFFFB4F2-1C93-4D85-B6B0-5EF91C29D232" : [

    ],
    "C09F5C5C-44CF-4E66-9780-2349FE8E3856" : [

    ]
  },
  "sceneCameraHistory" : {
    "69F48840-7E19-4AE3-B581-9AC6CF6B9217" : [
      {
        "date" : 757242751.249279,
        "title" : "Untitled",
        "transform" : [
          -0.9919159,
          3.934838e-08,
          0.12689696,
          0,
          0.0076962346,
          0.9981591,
          0.060158867,
          0,
          -0.12666337,
          0.060649168,
          -0.9900899,
          0,
          -0.03822398,
          -0.10133278,
          -0.31233603,
          1
        ]
      },
      {
        "date" : 757230168.273476,
        "title" : "Untitled",
        "transform" : [
          -0.9919159,
          3.934838e-08,
          0.12689696,
          0,
          0.0076962346,
          0.9981591,
          0.060158867,
          0,
          -0.12666337,
          0.060649168,
          -0.9900899,
          0,
          -0.03732715,
          0.01498194,
          -0.30532575,
          1
        ]
      },
      {
        "date" : 757230162.398481,
        "title" : "Untitled",
        "transform" : [
          -0.9919159,
          3.7718564e-08,
          0.12689705,
          0,
          0.0076962383,
          0.9981591,
          0.060158867,
          0,
          -0.12666345,
          0.060649164,
          -0.99008983,
          0,
          -0.03732718,
          0.014981935,
          -0.30532572,
          1
        ]
      },
      {
        "date" : 757225278.277927,
        "title" : "Untitled",
        "transform" : [
          -0.9919158,
          3.655441e-08,
          0.12689714,
          0,
          0.007696244,
          0.9981591,
          0.06015887,
          0,
          -0.12666355,
          0.060649168,
          -0.99008983,
          0,
          -0.02716935,
          -0.32327026,
          -0.3366995,
          1
        ]
      },
      {
        "date" : 756891676.515309,
        "title" : "Untitled",
        "transform" : [
          -0.9919159,
          3.6554415e-08,
          0.12689716,
          0,
          0.007696244,
          0.9981591,
          0.06015887,
          0,
          -0.12666357,
          0.06064917,
          -0.9900899,
          0,
          -0.039657794,
          0.015404895,
          -0.31435585,
          1
        ]
      },
      {
        "date" : 756891674.044122,
        "title" : "Untitled",
        "transform" : [
          -0.9919158,
          3.702007e-08,
          0.12689719,
          0,
          0.007696246,
          0.9981591,
          0.06015886,
          0,
          -0.12666361,
          0.06064916,
          -0.99008983,
          0,
          -0.039657824,
          0.015404896,
          -0.3143559,
          1
        ]
      },
      {
        "date" : 756891670.543962,
        "title" : "Untitled",
        "transform" : [
          -0.9919158,
          3.6787238e-08,
          0.12689722,
          0,
          0.0076962477,
          0.9981591,
          0.06015886,
          0,
          -0.12666364,
          0.06064916,
          -0.99008983,
          0,
          -0.039657835,
          0.015404896,
          -0.3143559,
          1
        ]
      },
      {
        "date" : 756891506.054038,
        "title" : "Untitled",
        "transform" : [
          -0.9919158,
          3.702007e-08,
          0.12689728,
          0,
          0.0076962514,
          0.9981591,
          0.06015886,
          0,
          -0.1266637,
          0.06064916,
          -0.99008983,
          0,
          -0.01982892,
          0.007702447,
          -0.15717797,
          1
        ]
      },
      {
        "date" : 756891503.851158,
        "title" : "Untitled",
        "transform" : [
          -0.9919158,
          3.702007e-08,
          0.1268973,
          0,
          0.0076962532,
          0.9981591,
          0.06015886,
          0,
          -0.12666373,
          0.06064916,
          -0.99008983,
          0,
          -0.019828927,
          0.007702449,
          -0.15717797,
          1
        ]
      },
      {
        "date" : 756891500.775641,
        "title" : "Untitled",
        "transform" : [
          -0.9919157,
          3.515742e-08,
          0.12689748,
          0,
          0.0076962626,
          0.9981591,
          0.060158856,
          0,
          -0.12666392,
          0.060649157,
          -0.99008983,
          0,
          -0.01982896,
          0.0077024437,
          -0.15717797,
          1
        ]
      }
    ],
    "7FF16649-B3D7-4A5B-9193-076A64EB06E6" : [
      {
        "date" : 758107704.402652,
        "title" : "Untitled",
        "transform" : [
          0.6372011,
          4.4703484e-08,
          0.77069753,
          0,
          0.52467257,
          0.73249125,
          -0.43379143,
          0,
          -0.5645294,
          0.68077624,
          0.46674412,
          0,
          -0.23708579,
          0.28590614,
          0.19601884,
          1
        ]
      },
      {
        "date" : 758107695.844684,
        "title" : "Untitled",
        "transform" : [
          0.93151283,
          2.9802322e-08,
          0.36370796,
          0,
          0.34157455,
          0.34352022,
          -0.87482584,
          0,
          -0.12494117,
          0.939145,
          0.31999356,
          0,
          -0.052471608,
          0.39441347,
          0.13438785,
          1
        ]
      },
      {
        "date" : 758098465.704473,
        "title" : "Untitled",
        "transform" : [
          0.1772089,
          2.9802322e-08,
          0.98417324,
          0,
          0.22047701,
          0.97458386,
          -0.039698854,
          0,
          -0.95915943,
          0.22402248,
          0.17270489,
          0,
          -0.40281886,
          0.09408297,
          0.072530985,
          1
        ]
      },
      {
        "date" : 758098448.96244,
        "title" : "Untitled",
        "transform" : [
          0.5670737,
          2.9802322e-08,
          0.82366693,
          0,
          0.3037021,
          0.9295406,
          -0.20909117,
          0,
          -0.7656319,
          0.36871937,
          0.52711797,
          0,
          -0.32154304,
          0.15485144,
          0.22137411,
          1
        ]
      },
      {
        "date" : 758098443.4699,
        "title" : "Untitled",
        "transform" : [
          -0.7986505,
          2.9802322e-08,
          0.60179484,
          0,
          -0.15676126,
          0.96547663,
          -0.20804009,
          0,
          -0.58101887,
          -0.26048955,
          -0.7710785,
          0,
          -0.24401093,
          -0.109397925,
          -0.3238305,
          1
        ]
      },
      {
        "date" : 758098404.766117,
        "title" : "Untitled",
        "transform" : [
          0.83063036,
          -1.4901161e-08,
          0.5568241,
          0,
          0.31792313,
          0.8209793,
          -0.4742549,
          0,
          -0.45714116,
          0.5709577,
          0.6819305,
          0,
          -0.19198592,
          0.23978563,
          0.2863908,
          1
        ]
      },
      {
        "date" : 758098401.718552,
        "title" : "Untitled",
        "transform" : [
          0.86164254,
          -1.4901161e-08,
          0.50751555,
          0,
          0.0754175,
          0.9888971,
          -0.12804124,
          0,
          -0.5018807,
          0.14860123,
          0.8520758,
          0,
          -0.21077523,
          0.062408254,
          0.35784698,
          1
        ]
      },
      {
        "date" : 758098376.150115,
        "title" : "Untitled",
        "transform" : [
          0.7354218,
          -1.8626451e-08,
          0.67760956,
          0,
          0.12802869,
          0.98198825,
          -0.13895184,
          0,
          -0.66540474,
          0.18894157,
          0.7221756,
          0,
          -0.27945054,
          0.07935002,
          0.30329263,
          1
        ]
      },
      {
        "date" : 758098368.04458,
        "title" : "Untitled",
        "transform" : [
          -0.36583805,
          -1.4901161e-08,
          0.93067837,
          0,
          0.28369716,
          0.9524072,
          0.11151779,
          0,
          -0.88638496,
          0.30482823,
          -0.34842688,
          0,
          -0.37225577,
          0.12801903,
          -0.1463291,
          1
        ]
      },
      {
        "date" : 758098364.732639,
        "title" : "Untitled",
        "transform" : [
          0.43485948,
          0,
          0.90049833,
          0,
          -0.3798016,
          0.9067036,
          0.18340987,
          0,
          -0.816485,
          -0.4217683,
          0.3942886,
          0,
          -0.34289992,
          -0.17713033,
          0.16558976,
          1
        ]
      }
    ],
    "AFFFB4F2-1C93-4D85-B6B0-5EF91C29D232" : [
      {
        "date" : 758098513.20178,
        "title" : "Untitled",
        "transform" : [
          0.9939082,
          7.450581e-09,
          0.11021073,
          0,
          0.055564452,
          0.8636069,
          -0.5010943,
          0,
          -0.09517878,
          0.50416565,
          0.8583461,
          0,
          0.0814828,
          1.4191668,
          1.462479,
          1
        ]
      },
      {
        "date" : 757845442.061137,
        "title" : "Untitled",
        "transform" : [
          0.98173285,
          1.4901161e-08,
          -0.19026433,
          0,
          0.037362855,
          0.9805291,
          0.19278629,
          0,
          0.18655972,
          -0.19637348,
          0.9626177,
          0,
          0.5208374,
          0.30715525,
          1.4338393,
          1
        ]
      },
      {
        "date" : 756283424.199583,
        "title" : "Untitled",
        "transform" : [
          0.9856349,
          1.4901161e-08,
          -0.1688895,
          0,
          0.033165403,
          0.9805291,
          0.19355255,
          0,
          0.16560109,
          -0.19637349,
          0.96644384,
          0,
          0.14336108,
          -0.1700007,
          0.8366517,
          1
        ]
      },
      {
        "date" : 756282825.080697,
        "title" : "Untitled",
        "transform" : [
          0.99999994,
          0,
          0,
          0,
          0,
          0.7071068,
          -0.7071067,
          0,
          0,
          0.7071067,
          0.7071068,
          0,
          0,
          0.6121432,
          0.6121433,
          1
        ]
      }
    ],
    "C09F5C5C-44CF-4E66-9780-2349FE8E3856" : [
      {
        "date" : 758699494.817215,
        "title" : "Untitled",
        "transform" : [
          0.99999994,
          0,
          0,
          0,
          0,
          0.7071068,
          -0.7071067,
          0,
          0,
          0.7071067,
          0.7071068,
          0,
          0.0026948936,
          0.48540846,
          0.40918484,
          1
        ]
      }
    ]
  },
  "sceneViewportBackgroundColors" : {

  },
  "selectedSceneRelativePath" : "Immersive.usda"
}