{
  "advancedEditorSelectedIdentifier" : "ShaderGraphEditorPluginID",
  "openSceneRelativePaths" : [
    "Immersive.usda",
    "Materials\/Nodes\/UENode.usda",
    "Materials\/Nodes\/UnityNode.usda"
  ],
  "recentIdentifiers" : {
    "69F48840-7E19-4AE3-B581-9AC6CF6B9217" : [

    ],
    "6B3CFE20-BE03-4412-91D9-2DEA5CE4F5BE" : [

    ],
    "7FF16649-B3D7-4A5B-9193-076A64EB06E6" : [

    ],
    "AFFFB4F2-1C93-4D85-B6B0-5EF91C29D232" : [

    ]
  },
  "sceneCameraHistory" : {
    "69F48840-7E19-4AE3-B581-9AC6CF6B9217" : [
      {
        "date" : 756891676.515309,
        "title" : "Untitled",
        "transform" : [
          -0.9919159,
          3.6554415e-08,
          0.12689716,
          0,
          0.007696244,
          0.9981591,
          0.06015887,
          0,
          -0.12666357,
          0.06064917,
          -0.9900899,
          0,
          -0.039657794,
          0.015404895,
          -0.31435585,
          1
        ]
      },
      {
        "date" : 756891674.044122,
        "title" : "Untitled",
        "transform" : [
          -0.9919158,
          3.702007e-08,
          0.12689719,
          0,
          0.007696246,
          0.9981591,
          0.06015886,
          0,
          -0.12666361,
          0.06064916,
          -0.99008983,
          0,
          -0.039657824,
          0.015404896,
          -0.3143559,
          1
        ]
      },
      {
        "date" : 756891670.543962,
        "title" : "Untitled",
        "transform" : [
          -0.9919158,
          3.6787238e-08,
          0.12689722,
          0,
          0.0076962477,
          0.9981591,
          0.06015886,
          0,
          -0.12666364,
          0.06064916,
          -0.99008983,
          0,
          -0.039657835,
          0.015404896,
          -0.3143559,
          1
        ]
      },
      {
        "date" : 756891506.054038,
        "title" : "Untitled",
        "transform" : [
          -0.9919158,
          3.702007e-08,
          0.12689728,
          0,
          0.0076962514,
          0.9981591,
          0.06015886,
          0,
          -0.1266637,
          0.06064916,
          -0.99008983,
          0,
          -0.01982892,
          0.007702447,
          -0.15717797,
          1
        ]
      },
      {
        "date" : 756891503.851158,
        "title" : "Untitled",
        "transform" : [
          -0.9919158,
          3.702007e-08,
          0.1268973,
          0,
          0.0076962532,
          0.9981591,
          0.06015886,
          0,
          -0.12666373,
          0.06064916,
          -0.99008983,
          0,
          -0.019828927,
          0.007702449,
          -0.15717797,
          1
        ]
      },
      {
        "date" : 756891500.775641,
        "title" : "Untitled",
        "transform" : [
          -0.9919157,
          3.515742e-08,
          0.12689748,
          0,
          0.0076962626,
          0.9981591,
          0.060158856,
          0,
          -0.12666392,
          0.060649157,
          -0.99008983,
          0,
          -0.01982896,
          0.0077024437,
          -0.15717797,
          1
        ]
      },
      {
        "date" : 756891496.332829,
        "title" : "Untitled",
        "transform" : [
          -0.9919158,
          3.306195e-08,
          0.12689759,
          0,
          0.007696266,
          0.998159,
          0.060158864,
          0,
          -0.12666398,
          0.06064917,
          -0.9900898,
          0,
          -0.019828975,
          0.0077024465,
          -0.15717797,
          1
        ]
      },
      {
        "date" : 756891495.332001,
        "title" : "Untitled",
        "transform" : [
          -0.9919158,
          3.306195e-08,
          0.12689759,
          0,
          0.007696266,
          0.998159,
          0.060158864,
          0,
          -0.12666398,
          0.06064917,
          -0.9900898,
          0,
          -0.019828975,
          0.0077024465,
          -0.15717797,
          1
        ]
      },
      {
        "date" : 756891487.161625,
        "title" : "Untitled",
        "transform" : [
          -0.99191576,
          3.2829117e-08,
          0.1268976,
          0,
          0.0076962677,
          0.998159,
          0.060158867,
          0,
          -0.12666401,
          0.060649175,
          -0.9900898,
          0,
          -0.01982898,
          0.0077024526,
          -0.15717797,
          1
        ]
      },
      {
        "date" : 756891484.944589,
        "title" : "Untitled",
        "transform" : [
          -0.99191576,
          3.1897795e-08,
          0.12689766,
          0,
          0.0076962714,
          0.998159,
          0.060158875,
          0,
          -0.12666407,
          0.060649183,
          -0.9900898,
          0,
          -0.019828992,
          0.0077024503,
          -0.15717798,
          1
        ]
      }
    ],
    "AFFFB4F2-1C93-4D85-B6B0-5EF91C29D232" : [
      {
        "date" : 756283424.199583,
        "title" : "Untitled",
        "transform" : [
          0.9856349,
          1.4901161e-08,
          -0.1688895,
          0,
          0.033165403,
          0.9805291,
          0.19355255,
          0,
          0.16560109,
          -0.19637349,
          0.96644384,
          0,
          0.14336108,
          -0.1700007,
          0.8366517,
          1
        ]
      },
      {
        "date" : 756282825.080697,
        "title" : "Untitled",
        "transform" : [
          0.99999994,
          0,
          0,
          0,
          0,
          0.7071068,
          -0.7071067,
          0,
          0,
          0.7071067,
          0.7071068,
          0,
          0,
          0.6121432,
          0.6121433,
          1
        ]
      }
    ]
  },
  "sceneViewportBackgroundColors" : {

  },
  "selectedSceneRelativePath" : "Materials\/Nodes\/UnityNode.usda"
}