{
  "advancedEditorSelectedIdentifier" : "ShaderGraphEditorPluginID",
  "openSceneRelativePaths" : [
    "Immersive.usda",
    "Materials\/Nodes\/UENode.usda",
    "Materials\/UEMaterial.usda",
    "Materials\/Nodes\/UnityNode.usda"
  ],
  "recentIdentifiers" : {
    "69F48840-7E19-4AE3-B581-9AC6CF6B9217" : [

    ],
    "6B3CFE20-BE03-4412-91D9-2DEA5CE4F5BE" : [

    ],
    "7FF16649-B3D7-4A5B-9193-076A64EB06E6" : [

    ],
    "AFFFB4F2-1C93-4D85-B6B0-5EF91C29D232" : [

    ]
  },
  "sceneCameraHistory" : {
    "69F48840-7E19-4AE3-B581-9AC6CF6B9217" : [
      {
        "date" : 756730945.91659,
        "title" : "Untitled",
        "transform" : [
          -0.99191576,
          3.0035153e-08,
          0.12689786,
          0,
          0.00769628,
          0.9981591,
          0.06015891,
          0,
          -0.1266643,
          0.06064923,
          -0.9900898,
          0,
          0.01781774,
          0.024944631,
          -0.3306867,
          1
        ]
      },
      {
        "date" : 756730802.349613,
        "title" : "Untitled",
        "transform" : [
          -0.9570928,
          2.9802322e-08,
          0.2897813,
          0,
          0.02462282,
          0.9963834,
          0.081324436,
          0,
          -0.28873333,
          0.08497028,
          -0.95363146,
          0,
          -0.020835683,
          0.012310472,
          -0.22336854,
          1
        ]
      },
      {
        "date" : 756730796.047274,
        "title" : "Untitled",
        "transform" : [
          -0.9570928,
          2.9802322e-08,
          0.2897813,
          0,
          0.024622822,
          0.9963835,
          0.08132444,
          0,
          -0.28873333,
          0.08497028,
          -0.9536314,
          0,
          -0.20199314,
          0.035817467,
          -0.5731195,
          1
        ]
      },
      {
        "date" : 756718049.500302,
        "title" : "Untitled",
        "transform" : [
          -0.95664954,
          2.9802322e-08,
          -0.29124144,
          0,
          -0.07353845,
          0.9675969,
          0.24155399,
          0,
          0.28180423,
          0.25249994,
          -0.92565113,
          0,
          0.14641494,
          0.13811806,
          -0.57448775,
          1
        ]
      },
      {
        "date" : 756718046.001546,
        "title" : "Untitled",
        "transform" : [
          -0.9964339,
          3.1664968e-08,
          -0.084376685,
          0,
          -0.035390474,
          0.90778565,
          0.41793853,
          0,
          0.07659588,
          0.41943428,
          -0.9045484,
          0,
          0.01997629,
          0.24054983,
          -0.5588263,
          1
        ]
      },
      {
        "date" : 756718042.065918,
        "title" : "Untitled",
        "transform" : [
          -0.9964339,
          3.1664968e-08,
          -0.084376685,
          0,
          -0.035390474,
          0.90778565,
          0.41793853,
          0,
          0.07659588,
          0.41943425,
          -0.90454835,
          0,
          0.027051372,
          0.14472249,
          -0.6026618,
          1
        ]
      },
      {
        "date" : 756718038.914849,
        "title" : "Untitled",
        "transform" : [
          -0.9969836,
          3.3527613e-08,
          -0.07761351,
          0,
          -0.04771612,
          0.78868973,
          0.612937,
          0,
          0.061212912,
          0.61479145,
          -0.7863107,
          0,
          0.019183792,
          0.27794704,
          -0.5543059,
          1
        ]
      },
      {
        "date" : 756718035.466815,
        "title" : "Untitled",
        "transform" : [
          -0.42056447,
          3.3527606e-08,
          -0.9072626,
          0,
          -0.9067099,
          0.034899548,
          0.42030823,
          0,
          0.031663075,
          0.9993908,
          -0.0146775795,
          0,
          0.11932397,
          0.6033013,
          -0.08165123,
          1
        ]
      },
      {
        "date" : 756718029.918941,
        "title" : "Untitled",
        "transform" : [
          -0.9696365,
          3.3527606e-08,
          0.24455053,
          0,
          0.24440163,
          0.034899488,
          0.96904576,
          0,
          -0.008534757,
          0.9993908,
          -0.033839848,
          0,
          -0.058042504,
          0.6033013,
          -0.1324243,
          1
        ]
      },
      {
        "date" : 756718012.46918,
        "title" : "Untitled",
        "transform" : [
          -0.8996491,
          3.3527606e-08,
          -0.43661356,
          0,
          -0.4363475,
          0.034899548,
          0.8991011,
          0,
          0.015237585,
          0.9993908,
          -0.031397417,
          0,
          0.04076239,
          0.6033013,
          -0.13872117,
          1
        ]
      }
    ],
    "AFFFB4F2-1C93-4D85-B6B0-5EF91C29D232" : [
      {
        "date" : 756283424.199583,
        "title" : "Untitled",
        "transform" : [
          0.9856349,
          1.4901161e-08,
          -0.1688895,
          0,
          0.033165403,
          0.9805291,
          0.19355255,
          0,
          0.16560109,
          -0.19637349,
          0.96644384,
          0,
          0.14336108,
          -0.1700007,
          0.8366517,
          1
        ]
      },
      {
        "date" : 756282825.080697,
        "title" : "Untitled",
        "transform" : [
          0.99999994,
          0,
          0,
          0,
          0,
          0.7071068,
          -0.7071067,
          0,
          0,
          0.7071067,
          0.7071068,
          0,
          0,
          0.6121432,
          0.6121433,
          1
        ]
      }
    ]
  },
  "sceneViewportBackgroundColors" : {

  },
  "selectedSceneRelativePath" : "Materials\/Nodes\/UnityNode.usda"
}