{
  "advancedEditorSelectedIdentifier" : "ShaderGraphEditorPluginID",
  "openSceneRelativePaths" : [
    "Immersive.usda",
    "Materials\/UEMaterial.usda",
    "Materials\/Nodes\/UENode.usda"
  ],
  "recentIdentifiers" : {
    "6B3CFE20-BE03-4412-91D9-2DEA5CE4F5BE" : [

    ],
    "7FF16649-B3D7-4A5B-9193-076A64EB06E6" : [

    ],
    "AFFFB4F2-1C93-4D85-B6B0-5EF91C29D232" : [

    ]
  },
  "sceneCameraHistory" : {
    "7FF16649-B3D7-4A5B-9193-076A64EB06E6" : [
      {
        "date" : 756188226.001067,
        "title" : "Untitled",
        "transform" : [
          0.99892974,
          0,
          0.0462521,
          0,
          0.015049321,
          0.94558465,
          -0.32502776,
          0,
          -0.043735288,
          0.32537597,
          0.94457275,
          0,
          -0.01762079,
          0.13109285,
          0.3805651,
          1
        ]
      },
      {
        "date" : 756186179.243231,
        "title" : "Untitled",
        "transform" : [
          0.9908054,
          0,
          -0.13529444,
          0,
          -0.010812078,
          0.99680156,
          -0.07918035,
          0,
          0.13486174,
          0.0799151,
          0.9876365,
          0,
          0.054335337,
          0.032197524,
          0.39791533,
          1
        ]
      },
      {
        "date" : 756186172.942568,
        "title" : "Untitled",
        "transform" : [
          0.98793805,
          0,
          0.15484944,
          0,
          0.026236812,
          0.9855414,
          -0.16739064,
          0,
          -0.15261054,
          0.16943431,
          0.9736539,
          0,
          -0.061486255,
          0.06826451,
          0.3922818,
          1
        ]
      },
      {
        "date" : 756186170.726608,
        "title" : "Untitled",
        "transform" : [
          0.9971087,
          0,
          -0.07598822,
          0,
          0.009034644,
          0.99290675,
          0.11855157,
          0,
          0.07544921,
          -0.11889537,
          0.99003595,
          0,
          0.030398231,
          -0.047902536,
          0.3988821,
          1
        ]
      },
      {
        "date" : 756186168.12684,
        "title" : "Untitled",
        "transform" : [
          0.9971087,
          0,
          -0.07598822,
          0,
          0.009034644,
          0.99290675,
          0.11855157,
          0,
          0.07544921,
          -0.11889537,
          0.99003595,
          0,
          0.011351272,
          -0.01788771,
          0.14895009,
          1
        ]
      },
      {
        "date" : 756185956.318634,
        "title" : "Untitled",
        "transform" : [
          0.9971087,
          0,
          -0.07598822,
          0,
          0.009034644,
          0.99290675,
          0.11855157,
          0,
          0.07544921,
          -0.11889537,
          0.99003595,
          0,
          0.025500754,
          -0.04018493,
          0.33461794,
          1
        ]
      },
      {
        "date" : 756185954.290368,
        "title" : "Untitled",
        "transform" : [
          0.9971086,
          0,
          -0.07598821,
          0,
          0.009034644,
          0.99290675,
          0.11855157,
          0,
          0.07544921,
          -0.11889537,
          0.99003595,
          0,
          0.020743586,
          -0.03268843,
          0.27219495,
          1
        ]
      },
      {
        "date" : 756185869.966011,
        "title" : "Untitled",
        "transform" : [
          0.99710864,
          0,
          -0.07598822,
          0,
          0.009034644,
          0.9929067,
          0.11855156,
          0,
          0.07544921,
          -0.11889537,
          0.99003595,
          0,
          0.020743586,
          -0.03268843,
          0.27219495,
          1
        ]
      },
      {
        "date" : 756185807.499524,
        "title" : "Untitled",
        "transform" : [
          0.9996386,
          0,
          0.026880423,
          0,
          0.0028284842,
          0.9944484,
          -0.10518666,
          0,
          -0.026731197,
          0.10522464,
          0.9940891,
          0,
          -0.0073493263,
          0.028929876,
          0.27330932,
          1
        ]
      },
      {
        "date" : 756180196.44016,
        "title" : "Untitled",
        "transform" : [
          0.9996386,
          0,
          0.026880423,
          0,
          0.0028284844,
          0.9944485,
          -0.10518667,
          0,
          -0.026731197,
          0.10522464,
          0.9940891,
          0,
          -0.01985634,
          0.07816246,
          0.73842454,
          1
        ]
      }
    ],
    "AFFFB4F2-1C93-4D85-B6B0-5EF91C29D232" : [
      {
        "date" : 756180080.542449,
        "title" : "Untitled",
        "transform" : [
          0.99999994,
          0,
          0,
          0,
          0,
          0.7071068,
          -0.7071067,
          0,
          0,
          0.7071067,
          0.7071068,
          0,
          -0.39443958,
          0.63451713,
          0.6426015,
          1
        ]
      }
    ]
  },
  "sceneViewportBackgroundColors" : {

  },
  "selectedSceneRelativePath" : "Materials\/Nodes\/UENode.usda"
}