{
  "advancedEditorSelectedIdentifier" : "ShaderGraphEditorPluginID",
  "openSceneRelativePaths" : [
    "Materials\/Nodes\/UnityNode.usda",
    "Materials\/Nodes\/UENode.usda",
    "Materials\/UEMaterial.usda",
    "Materials\/UnityMaterial.usda"
  ],
  "recentIdentifiers" : {
    "69F48840-7E19-4AE3-B581-9AC6CF6B9217" : [

    ],
    "6B3CFE20-BE03-4412-91D9-2DEA5CE4F5BE" : [

    ],
    "7FF16649-B3D7-4A5B-9193-076A64EB06E6" : [

    ],
    "88382C59-1BDA-4A48-83C1-CF50C78D31FB" : [

    ],
    "A6689D6A-EE6C-4FF8-B798-751326675DF0" : [

    ],
    "AFFFB4F2-1C93-4D85-B6B0-5EF91C29D232" : [

    ]
  },
  "sceneCameraHistory" : {
    "69F48840-7E19-4AE3-B581-9AC6CF6B9217" : [
      {
        "date" : 757690520.783204,
        "title" : "Untitled",
        "transform" : [
          1,
          -4.040518e-14,
          0.00011982361,
          0,
          -4.801891e-05,
          0.916189,
          0.4007467,
          0,
          -0.00010978108,
          -0.40074667,
          0.916189,
          0,
          -4.419253e-05,
          -0.16132116,
          0.3688132,
          1
        ]
      }
    ],
    "6B3CFE20-BE03-4412-91D9-2DEA5CE4F5BE" : [
      {
        "date" : 755954221.620454,
        "title" : "Untitled",
        "transform" : [
          0.99869543,
          -4.0577475e-10,
          0.051062644,
          0,
          0.02862096,
          0.8281497,
          -0.5597759,
          0,
          -0.042287506,
          0.560507,
          0.82706934,
          0,
          -0.5065779,
          0.372674,
          0.626838,
          1
        ]
      },
      {
        "date" : 755953238.315449,
        "title" : "Untitled",
        "transform" : [
          0.99869543,
          -4.0577475e-10,
          0.051062644,
          0,
          0.02862096,
          0.8281497,
          -0.5597759,
          0,
          -0.042287506,
          0.560507,
          0.82706934,
          0,
          0.060485005,
          0.54906994,
          1.0941231,
          1
        ]
      },
      {
        "date" : 755951055.909485,
        "title" : "Untitled",
        "transform" : [
          0.99869543,
          -4.0577475e-10,
          0.051062644,
          0,
          0.02862096,
          0.8281497,
          -0.5597759,
          0,
          -0.042287506,
          0.560507,
          0.82706934,
          0,
          0.13879591,
          1.2599595,
          2.510702,
          1
        ]
      },
      {
        "date" : 755951027.030526,
        "title" : "Untitled",
        "transform" : [
          0.99869543,
          -4.0577475e-10,
          0.051062644,
          0,
          0.02862096,
          0.8281497,
          -0.5597759,
          0,
          -0.042287506,
          0.560507,
          0.82706934,
          0,
          0.16674042,
          1.6163521,
          2.2706025,
          1
        ]
      },
      {
        "date" : 755950798.603208,
        "title" : "Untitled",
        "transform" : [
          0.9979099,
          -4.0577475e-10,
          0.06462012,
          0,
          0.036220025,
          0.8281497,
          -0.5593356,
          0,
          -0.053515133,
          0.560507,
          0.8264188,
          0,
          -0.3533497,
          0.88912106,
          1.4798081,
          1
        ]
      },
      {
        "date" : 755950282.558864,
        "title" : "Untitled",
        "transform" : [
          0.9979099,
          -4.0577475e-10,
          0.06462012,
          0,
          0.036220025,
          0.8281497,
          -0.5593356,
          0,
          -0.053515133,
          0.560507,
          0.8264188,
          0,
          -0.2863137,
          0.7978941,
          1.3279744,
          1
        ]
      },
      {
        "date" : 755950092.142249,
        "title" : "Untitled",
        "transform" : [
          0.9979099,
          -4.0577475e-10,
          0.06462012,
          0,
          0.036220025,
          0.8281497,
          -0.5593356,
          0,
          -0.053515133,
          0.560507,
          0.8264188,
          0,
          -0.25062847,
          0.42413452,
          0.77689826,
          1
        ]
      },
      {
        "date" : 755950051.65246,
        "title" : "Untitled",
        "transform" : [
          0.9992784,
          1.4854207e-10,
          0.037981935,
          0,
          0.014675664,
          0.92233735,
          -0.38610688,
          0,
          -0.035032153,
          0.38638565,
          0.9216718,
          0,
          -0.0040507466,
          0.1251242,
          0.37360334,
          1
        ]
      },
      {
        "date" : 755950045.952511,
        "title" : "Untitled",
        "transform" : [
          0.99629045,
          -2.6300784e-10,
          0.08605415,
          0,
          0.06609722,
          0.64034337,
          -0.7652396,
          0,
          -0.0551042,
          0.7680888,
          0.63796794,
          0,
          -0.013452172,
          0.2832184,
          0.27360243,
          1
        ]
      },
      {
        "date" : 755950027.125769,
        "title" : "Untitled",
        "transform" : [
          0.99629045,
          -2.6300784e-10,
          0.08605415,
          0,
          0.06609722,
          0.64034337,
          -0.7652396,
          0,
          -0.0551042,
          0.7680888,
          0.63796794,
          0,
          0.102220364,
          0.70132583,
          0.65847766,
          1
        ]
      }
    ],
    "7FF16649-B3D7-4A5B-9193-076A64EB06E6" : [
      {
        "date" : 757651546.11995,
        "title" : "Untitled",
        "transform" : [
          0.9472238,
          -4.5405432e-08,
          -0.32057276,
          0,
          0.028708925,
          0.99598193,
          0.084828384,
          0,
          0.31928444,
          -0.089555,
          0.9434179,
          0,
          0.3167389,
          0.019849516,
          0.6550322,
          1
        ]
      },
      {
        "date" : 756554759.688203,
        "title" : "Untitled",
        "transform" : [
          0.9944112,
          -4.5334364e-08,
          0.10557671,
          0,
          -0.008714562,
          0.99658746,
          0.082082205,
          0,
          -0.10521669,
          -0.08254376,
          0.99101776,
          0,
          0.013324229,
          0.024929963,
          0.727314,
          1
        ]
      },
      {
        "date" : 756553293.834387,
        "title" : "Untitled",
        "transform" : [
          0.99991614,
          -4.0434912e-08,
          -0.012947034,
          0,
          -0.0086665675,
          0.7429074,
          -0.66933805,
          0,
          0.009618223,
          0.6693941,
          0.7428453,
          0,
          0.096197456,
          0.5428931,
          0.47518182,
          1
        ]
      },
      {
        "date" : 756553248.258461,
        "title" : "Untitled",
        "transform" : [
          0.99229974,
          -4.036304e-08,
          0.123859845,
          0,
          -0.0071630715,
          0.99832624,
          0.057387654,
          0,
          -0.12365278,
          -0.057833154,
          0.99063873,
          0,
          4.0504354e-05,
          0.042802185,
          0.7266035,
          1
        ]
      },
      {
        "date" : 756553205.615671,
        "title" : "Untitled",
        "transform" : [
          0.99801624,
          -4.02604e-08,
          0.06295514,
          0,
          0.0026189624,
          0.9991344,
          -0.041516144,
          0,
          -0.0629009,
          0.04159848,
          0.99715257,
          0,
          0.044959724,
          0.11419485,
          0.717442,
          1
        ]
      },
      {
        "date" : 756553194.905454,
        "title" : "Untitled",
        "transform" : [
          0.97463626,
          -4.017475e-08,
          -0.22379471,
          0,
          -0.02195535,
          0.99517596,
          -0.09561706,
          0,
          0.22271492,
          0.098105185,
          0.9699348,
          0,
          0.25806725,
          0.15546352,
          0.7529155,
          1
        ]
      },
      {
        "date" : 756553167.258378,
        "title" : "Untitled",
        "transform" : [
          0.9877442,
          -4.0902904e-08,
          0.15608206,
          0,
          0.028636651,
          0.9830251,
          -0.18122245,
          0,
          -0.15343283,
          0.18347092,
          0.9709773,
          0,
          -0.017362267,
          0.21729271,
          0.66698885,
          1
        ]
      },
      {
        "date" : 756553130.591678,
        "title" : "Untitled",
        "transform" : [
          0.8640954,
          -5.562988e-08,
          -0.50332814,
          0,
          -0.020053055,
          0.999206,
          -0.03442654,
          0,
          0.50292826,
          0.039840937,
          0.86340946,
          0,
          0.4876608,
          0.11290698,
          0.7381358,
          1
        ]
      },
      {
        "date" : 756553117.644828,
        "title" : "Untitled",
        "transform" : [
          -0.9422833,
          -5.9077166e-08,
          0.33481646,
          0,
          0.3341767,
          0.061788794,
          0.94048285,
          0,
          -0.020687744,
          0.99808925,
          -0.058222763,
          0,
          0.5100049,
          0.73995304,
          -0.034298174,
          1
        ]
      },
      {
        "date" : 756553107.860961,
        "title" : "Untitled",
        "transform" : [
          -0.6685733,
          -4.3492534e-08,
          0.7436464,
          0,
          -0.14462279,
          0.98090696,
          -0.13002264,
          0,
          -0.72944766,
          -0.19447802,
          -0.6558083,
          0,
          -0.10913226,
          -0.061127227,
          -0.64937145,
          1
        ]
      }
    ],
    "88382C59-1BDA-4A48-83C1-CF50C78D31FB" : [
      {
        "date" : 757511709.333857,
        "title" : "Untitled",
        "transform" : [
          0.9943445,
          -1.6706672e-09,
          -0.10620269,
          0,
          0.00014978566,
          0.999999,
          0.0014023832,
          0,
          0.10620259,
          -0.0014103597,
          0.9943435,
          0,
          0.2710985,
          0.44786954,
          1.4580735,
          1
        ]
      },
      {
        "date" : 757511531.68032,
        "title" : "Untitled",
        "transform" : [
          0.9943445,
          -1.6761281e-09,
          -0.106202684,
          0,
          0.00014978829,
          0.999999,
          0.0014023831,
          0,
          0.10620257,
          -0.0014103751,
          0.99434346,
          0,
          0.12879962,
          0.5982633,
          1.6562954,
          1
        ]
      },
      {
        "date" : 757511529.056084,
        "title" : "Untitled",
        "transform" : [
          0.99797344,
          -1.8143738e-09,
          0.06363128,
          0,
          -0.001835243,
          0.999584,
          0.028783454,
          0,
          -0.06360482,
          -0.028841915,
          0.9975583,
          0,
          -0.14037538,
          0.55533206,
          1.5012299,
          1
        ]
      },
      {
        "date" : 757510146.946465,
        "title" : "Untitled",
        "transform" : [
          0.99797344,
          -1.8143738e-09,
          0.06363128,
          0,
          -0.001835243,
          0.999584,
          0.028783454,
          0,
          -0.06360482,
          -0.028841915,
          0.9975583,
          0,
          0.10069698,
          0.09597333,
          1.5033196,
          1
        ]
      },
      {
        "date" : 757510027.509123,
        "title" : "Untitled",
        "transform" : [
          0.9886209,
          -1.7315038e-09,
          -0.1504285,
          0,
          0.0058796564,
          0.99923587,
          0.03864126,
          0,
          0.15031356,
          -0.03908604,
          0.98786545,
          0,
          0.24580011,
          0.112085745,
          0.9692262,
          1
        ]
      },
      {
        "date" : 757509995.142574,
        "title" : "Untitled",
        "transform" : [
          0.9951391,
          -3.1308856e-09,
          -0.09847889,
          0,
          -0.029282182,
          0.95477015,
          -0.29589942,
          0,
          0.09402471,
          0.29734477,
          0.95012915,
          0,
          0.19661483,
          0.4255422,
          0.9600459,
          1
        ]
      },
      {
        "date" : 757509980.354361,
        "title" : "Untitled",
        "transform" : [
          0.9951393,
          -3.7232364e-09,
          -0.09847891,
          0,
          -0.029282156,
          0.95477027,
          -0.29589945,
          0,
          0.09402479,
          0.29734468,
          0.95012915,
          0,
          0.51530546,
          0.37487447,
          0.35355234,
          1
        ]
      },
      {
        "date" : 757509975.565801,
        "title" : "Untitled",
        "transform" : [
          0.9857093,
          -3.7278736e-09,
          -0.16845576,
          0,
          -0.0435129,
          0.9660635,
          -0.25461346,
          0,
          0.16273901,
          0.25830474,
          0.95225763,
          0,
          0.5409298,
          0.36085576,
          0.36136672,
          1
        ]
      },
      {
        "date" : 757509973.880495,
        "title" : "Untitled",
        "transform" : [
          0.9857093,
          -3.7278736e-09,
          -0.16845576,
          0,
          -0.0435129,
          0.9660635,
          -0.25461346,
          0,
          0.16273901,
          0.25830474,
          0.95225763,
          0,
          0.5002233,
          0.40279275,
          0.61039233,
          1
        ]
      },
      {
        "date" : 757509851.24759,
        "title" : "Untitled",
        "transform" : [
          0.9977126,
          -3.3511978e-09,
          -0.06760081,
          0,
          -0.014558045,
          0.97653615,
          -0.21486107,
          0,
          0.066014685,
          0.21535362,
          0.97430223,
          0,
          0.21585853,
          0.48344684,
          1.4349833,
          1
        ]
      }
    ],
    "A6689D6A-EE6C-4FF8-B798-751326675DF0" : [
      {
        "date" : 755707025.911993,
        "title" : "Untitled",
        "transform" : [
          0.999985,
          0,
          -0.005477878,
          0,
          -0.0038734442,
          0.7071068,
          -0.7070961,
          0,
          0.0038734453,
          0.70710677,
          0.7070963,
          0,
          0.002612041,
          0.4745653,
          0.4771586,
          1
        ]
      },
      {
        "date" : 755707017.798506,
        "title" : "Untitled",
        "transform" : [
          0.999985,
          0,
          -0.005477878,
          0,
          -0.0038734442,
          0.7071068,
          -0.7070961,
          0,
          0.0038734453,
          0.70710677,
          0.7070963,
          0,
          0.00085887406,
          0.15604343,
          0.15689614,
          1
        ]
      },
      {
        "date" : 755706708.980231,
        "title" : "Untitled",
        "transform" : [
          0.999985,
          0,
          -0.005477878,
          0,
          -0.0038734442,
          0.7071068,
          -0.7070961,
          0,
          0.0038734453,
          0.70710677,
          0.7070963,
          0,
          0.017036235,
          3.1092613,
          3.1100695,
          1
        ]
      },
      {
        "date" : 755706706.001845,
        "title" : "Untitled",
        "transform" : [
          0.999985,
          0,
          -0.005477878,
          0,
          -0.0038734442,
          0.7071068,
          -0.7070961,
          0,
          0.0038734453,
          0.70710677,
          0.7070963,
          0,
          0.00115872,
          0.21147649,
          0.21153149,
          1
        ]
      },
      {
        "date" : 755706691.874947,
        "title" : "Untitled",
        "transform" : [
          0.9999995,
          0,
          -0.0009918212,
          0,
          -0.00070132344,
          0.7071069,
          -0.7071064,
          0,
          0.00070132356,
          0.70710677,
          0.70710653,
          0,
          0.001354004,
          1.3650613,
          1.3654362,
          1
        ]
      },
      {
        "date" : 755706689.950247,
        "title" : "Untitled",
        "transform" : [
          0.9999995,
          0,
          -0.0009918212,
          0,
          -0.00070132344,
          0.7071069,
          -0.7071064,
          0,
          0.00070132356,
          0.70710677,
          0.70710653,
          0,
          0.004304538,
          4.33969,
          4.3408823,
          1
        ]
      },
      {
        "date" : 755706674.541929,
        "title" : "Untitled",
        "transform" : [
          0.9999995,
          0,
          -0.0009918212,
          0,
          -0.00070132344,
          0.7071069,
          -0.7071064,
          0,
          0.00070132356,
          0.70710677,
          0.70710653,
          0,
          0.0049085473,
          4.948632,
          4.9499907,
          1
        ]
      },
      {
        "date" : 755706671.360154,
        "title" : "Untitled",
        "transform" : [
          0.9999995,
          0,
          -0.0009918212,
          0,
          -0.00070132344,
          0.7071069,
          -0.7071064,
          0,
          0.00070132356,
          0.70710677,
          0.70710653,
          0,
          0.03572372,
          36.01545,
          36.02534,
          1
        ]
      },
      {
        "date" : 755706436.614376,
        "title" : "Untitled",
        "transform" : [
          0.9999995,
          0,
          -0.0009918212,
          0,
          -0.00070132344,
          0.7071069,
          -0.7071064,
          0,
          0.00070132356,
          0.70710677,
          0.70710653,
          0,
          0.00033430313,
          0.3370331,
          0.3371257,
          1
        ]
      }
    ],
    "AFFFB4F2-1C93-4D85-B6B0-5EF91C29D232" : [
      {
        "date" : 757678655.297624,
        "title" : "Untitled",
        "transform" : [
          1,
          0,
          0,
          0,
          0,
          1,
          0,
          0,
          0,
          0,
          1,
          0,
          -0.046711892,
          0.6248884,
          2,
          1
        ]
      },
      {
        "date" : 757678645.143124,
        "title" : "Untitled",
        "transform" : [
          0.99634457,
          -9.0023955e-10,
          -0.08542587,
          0,
          -0.008867945,
          0.99459726,
          -0.10342919,
          0,
          0.08496433,
          0.103808664,
          0.99096155,
          0,
          -2.5858717,
          -9.36694,
          2.5034876,
          1
        ]
      },
      {
        "date" : 757678638.152031,
        "title" : "Untitled",
        "transform" : [
          0.99634457,
          -9.0023955e-10,
          -0.08542587,
          0,
          -0.008867945,
          0.99459726,
          -0.10342919,
          0,
          0.08496433,
          0.103808664,
          0.99096155,
          0,
          0.19977656,
          0.27726153,
          1.254365,
          1
        ]
      },
      {
        "date" : 757603574.430457,
        "title" : "Untitled",
        "transform" : [
          0.99634457,
          -9.0023955e-10,
          -0.08542587,
          0,
          -0.008867945,
          0.99459726,
          -0.10342919,
          0,
          0.08496433,
          0.103808664,
          0.99096155,
          0,
          0.19977656,
          0.27726153,
          1.254365,
          1
        ]
      },
      {
        "date" : 756555196.240518,
        "title" : "Untitled",
        "transform" : [
          0.99634457,
          -9.0023955e-10,
          -0.08542587,
          0,
          -0.008867945,
          0.99459726,
          -0.10342919,
          0,
          0.08496433,
          0.103808664,
          0.99096155,
          0,
          0.25800723,
          0.24720132,
          0.68986034,
          1
        ]
      },
      {
        "date" : 756555181.019655,
        "title" : "Untitled",
        "transform" : [
          0.99634457,
          -9.0023955e-10,
          -0.08542587,
          0,
          -0.008867945,
          0.99459726,
          -0.10342919,
          0,
          0.08496433,
          0.103808664,
          0.99096155,
          0,
          0.6396479,
          0.3484419,
          0.4624279,
          1
        ]
      },
      {
        "date" : 756555127.360881,
        "title" : "Untitled",
        "transform" : [
          0.99634457,
          -2.3085181e-10,
          -0.08542586,
          0,
          -0.008867944,
          0.99459726,
          -0.10342919,
          0,
          0.08496433,
          0.103808664,
          0.9909616,
          0,
          0.17193827,
          0.5191487,
          1.344374,
          1
        ]
      },
      {
        "date" : 756555047.268942,
        "title" : "Untitled",
        "transform" : [
          0.99634457,
          -2.3085181e-10,
          -0.08542586,
          0,
          -0.008867944,
          0.99459726,
          -0.10342919,
          0,
          0.08496433,
          0.103808664,
          0.9909616,
          0,
          0.59662163,
          0.48814765,
          1.3112094,
          1
        ]
      },
      {
        "date" : 756553473.717137,
        "title" : "Untitled",
        "transform" : [
          0.99634445,
          -2.3085178e-10,
          -0.085425854,
          0,
          -0.008867944,
          0.99459726,
          -0.10342919,
          0,
          0.08496433,
          0.103808664,
          0.9909616,
          0,
          0.071242794,
          0.22849056,
          0.7790576,
          1
        ]
      },
      {
        "date" : 756470351.285087,
        "title" : "Untitled",
        "transform" : [
          0.9999247,
          2.6091022e-12,
          -0.012269631,
          0,
          -0.00027796,
          0.99974334,
          -0.022652604,
          0,
          0.012266481,
          0.02265431,
          0.9996681,
          0,
          0.024887398,
          0.179138,
          1.2702751,
          1
        ]
      }
    ]
  },
  "sceneViewportBackgroundColors" : {

  },
  "selectedSceneRelativePath" : "Materials\/Nodes\/UnityNode.usda"
}