{
  "advancedEditorSelectedIdentifier" : "ShaderGraphEditorPluginID",
  "openSceneRelativePaths" : [
    "Immersive.usda",
    "Materials\/UEMaterial.usda",
    "Materials\/Nodes\/UENode.usda"
  ],
  "recentIdentifiers" : {
    "6B3CFE20-BE03-4412-91D9-2DEA5CE4F5BE" : [

    ],
    "7FF16649-B3D7-4A5B-9193-076A64EB06E6" : [

    ],
    "A6689D6A-EE6C-4FF8-B798-751326675DF0" : [

    ],
    "AFFFB4F2-1C93-4D85-B6B0-5EF91C29D232" : [

    ]
  },
  "sceneCameraHistory" : {
    "6B3CFE20-BE03-4412-91D9-2DEA5CE4F5BE" : [
      {
        "date" : 755954221.620454,
        "title" : "Untitled",
        "transform" : [
          0.99869543,
          -4.0577475e-10,
          0.051062644,
          0,
          0.02862096,
          0.8281497,
          -0.5597759,
          0,
          -0.042287506,
          0.560507,
          0.82706934,
          0,
          -0.5065779,
          0.372674,
          0.626838,
          1
        ]
      },
      {
        "date" : 755953238.315449,
        "title" : "Untitled",
        "transform" : [
          0.99869543,
          -4.0577475e-10,
          0.051062644,
          0,
          0.02862096,
          0.8281497,
          -0.5597759,
          0,
          -0.042287506,
          0.560507,
          0.82706934,
          0,
          0.060485005,
          0.54906994,
          1.0941231,
          1
        ]
      },
      {
        "date" : 755951055.909485,
        "title" : "Untitled",
        "transform" : [
          0.99869543,
          -4.0577475e-10,
          0.051062644,
          0,
          0.02862096,
          0.8281497,
          -0.5597759,
          0,
          -0.042287506,
          0.560507,
          0.82706934,
          0,
          0.13879591,
          1.2599595,
          2.510702,
          1
        ]
      },
      {
        "date" : 755951027.030526,
        "title" : "Untitled",
        "transform" : [
          0.99869543,
          -4.0577475e-10,
          0.051062644,
          0,
          0.02862096,
          0.8281497,
          -0.5597759,
          0,
          -0.042287506,
          0.560507,
          0.82706934,
          0,
          0.16674042,
          1.6163521,
          2.2706025,
          1
        ]
      },
      {
        "date" : 755950798.603208,
        "title" : "Untitled",
        "transform" : [
          0.9979099,
          -4.0577475e-10,
          0.06462012,
          0,
          0.036220025,
          0.8281497,
          -0.5593356,
          0,
          -0.053515133,
          0.560507,
          0.8264188,
          0,
          -0.3533497,
          0.88912106,
          1.4798081,
          1
        ]
      },
      {
        "date" : 755950282.558864,
        "title" : "Untitled",
        "transform" : [
          0.9979099,
          -4.0577475e-10,
          0.06462012,
          0,
          0.036220025,
          0.8281497,
          -0.5593356,
          0,
          -0.053515133,
          0.560507,
          0.8264188,
          0,
          -0.2863137,
          0.7978941,
          1.3279744,
          1
        ]
      },
      {
        "date" : 755950092.142249,
        "title" : "Untitled",
        "transform" : [
          0.9979099,
          -4.0577475e-10,
          0.06462012,
          0,
          0.036220025,
          0.8281497,
          -0.5593356,
          0,
          -0.053515133,
          0.560507,
          0.8264188,
          0,
          -0.25062847,
          0.42413452,
          0.77689826,
          1
        ]
      },
      {
        "date" : 755950051.65246,
        "title" : "Untitled",
        "transform" : [
          0.9992784,
          1.4854207e-10,
          0.037981935,
          0,
          0.014675664,
          0.92233735,
          -0.38610688,
          0,
          -0.035032153,
          0.38638565,
          0.9216718,
          0,
          -0.0040507466,
          0.1251242,
          0.37360334,
          1
        ]
      },
      {
        "date" : 755950045.952511,
        "title" : "Untitled",
        "transform" : [
          0.99629045,
          -2.6300784e-10,
          0.08605415,
          0,
          0.06609722,
          0.64034337,
          -0.7652396,
          0,
          -0.0551042,
          0.7680888,
          0.63796794,
          0,
          -0.013452172,
          0.2832184,
          0.27360243,
          1
        ]
      },
      {
        "date" : 755950027.125769,
        "title" : "Untitled",
        "transform" : [
          0.99629045,
          -2.6300784e-10,
          0.08605415,
          0,
          0.06609722,
          0.64034337,
          -0.7652396,
          0,
          -0.0551042,
          0.7680888,
          0.63796794,
          0,
          0.102220364,
          0.70132583,
          0.65847766,
          1
        ]
      }
    ],
    "7FF16649-B3D7-4A5B-9193-076A64EB06E6" : [
      {
        "date" : 756308591.875573,
        "title" : "Untitled",
        "transform" : [
          -0.98784703,
          2.1314836e-08,
          0.15542914,
          0,
          0.023545977,
          0.9884588,
          0.1496487,
          0,
          -0.15363519,
          0.15148956,
          -0.9764462,
          0,
          -0.02477163,
          0.07526013,
          -0.34575424,
          1
        ]
      },
      {
        "date" : 756308577.340333,
        "title" : "Untitled",
        "transform" : [
          -0.98784703,
          2.1314836e-08,
          0.15542914,
          0,
          0.023545977,
          0.9884588,
          0.1496487,
          0,
          -0.15363519,
          0.15148956,
          -0.9764462,
          0,
          -0.019195415,
          0.058318708,
          -0.26792327,
          1
        ]
      },
      {
        "date" : 756308538.575418,
        "title" : "Untitled",
        "transform" : [
          -0.7412991,
          2.3373294e-08,
          0.6711748,
          0,
          0.22032167,
          0.9445865,
          0.24334078,
          0,
          -0.6339826,
          0.32826248,
          -0.70022124,
          0,
          -0.15274787,
          0.105897605,
          -0.20249987,
          1
        ]
      },
      {
        "date" : 756308491.912829,
        "title" : "Untitled",
        "transform" : [
          -0.99898297,
          2.9794617e-08,
          0.045089815,
          0,
          -0.00812731,
          0.9836212,
          -0.18006481,
          0,
          -0.044351257,
          -0.18024829,
          -0.98262066,
          0,
          0.010393422,
          -0.032459944,
          -0.27274665,
          1
        ]
      },
      {
        "date" : 756308361.876333,
        "title" : "Untitled",
        "transform" : [
          -0.99924266,
          2.9795212e-08,
          0.038912382,
          0,
          -0.0068729883,
          0.9842776,
          -0.17649466,
          0,
          -0.03830055,
          -0.17662859,
          -0.98353213,
          0,
          0.012075002,
          -0.031459108,
          -0.27279466,
          1
        ]
      },
      {
        "date" : 756308043.583743,
        "title" : "Untitled",
        "transform" : [
          -0.99924266,
          2.9795212e-08,
          0.038912382,
          0,
          -0.0068729883,
          0.9842776,
          -0.17649466,
          0,
          -0.03830055,
          -0.17662859,
          -0.98353213,
          0,
          0.019176671,
          -0.049961146,
          -0.43323332,
          1
        ]
      },
      {
        "date" : 756307843.880112,
        "title" : "Untitled",
        "transform" : [
          -0.9389666,
          3.0634595e-08,
          0.34400845,
          0,
          0.04759338,
          0.9903834,
          0.12990539,
          0,
          -0.34070024,
          0.13834919,
          -0.929937,
          0,
          -0.11281401,
          0.08696453,
          -0.41263196,
          1
        ]
      },
      {
        "date" : 756307674.343818,
        "title" : "Untitled",
        "transform" : [
          -0.99996305,
          3.4564827e-08,
          -0.008599698,
          0,
          -0.0047834553,
          0.8310225,
          0.55621815,
          0,
          0.007146589,
          0.55623865,
          -0.830992,
          0,
          0.03899202,
          0.2640799,
          -0.3453931,
          1
        ]
      },
      {
        "date" : 756307621.596836,
        "title" : "Untitled",
        "transform" : [
          -0.9905642,
          3.4477893e-08,
          -0.13704939,
          0,
          -0.04873951,
          0.9346249,
          0.3522792,
          0,
          0.12808983,
          0.35563478,
          -0.9258061,
          0,
          0.08997202,
          0.17979336,
          -0.3874717,
          1
        ]
      },
      {
        "date" : 756307384.201583,
        "title" : "Untitled",
        "transform" : [
          -0.97887075,
          3.480697e-08,
          0.20447998,
          0,
          0.08550907,
          0.9083651,
          0.40934226,
          0,
          -0.18574245,
          0.41817796,
          -0.8891721,
          0,
          -0.043066047,
          0.2062358,
          -0.38231802,
          1
        ]
      }
    ],
    "A6689D6A-EE6C-4FF8-B798-751326675DF0" : [
      {
        "date" : 755707025.911993,
        "title" : "Untitled",
        "transform" : [
          0.999985,
          0,
          -0.005477878,
          0,
          -0.0038734442,
          0.7071068,
          -0.7070961,
          0,
          0.0038734453,
          0.70710677,
          0.7070963,
          0,
          0.002612041,
          0.4745653,
          0.4771586,
          1
        ]
      },
      {
        "date" : 755707017.798506,
        "title" : "Untitled",
        "transform" : [
          0.999985,
          0,
          -0.005477878,
          0,
          -0.0038734442,
          0.7071068,
          -0.7070961,
          0,
          0.0038734453,
          0.70710677,
          0.7070963,
          0,
          0.00085887406,
          0.15604343,
          0.15689614,
          1
        ]
      },
      {
        "date" : 755706708.980231,
        "title" : "Untitled",
        "transform" : [
          0.999985,
          0,
          -0.005477878,
          0,
          -0.0038734442,
          0.7071068,
          -0.7070961,
          0,
          0.0038734453,
          0.70710677,
          0.7070963,
          0,
          0.017036235,
          3.1092613,
          3.1100695,
          1
        ]
      },
      {
        "date" : 755706706.001845,
        "title" : "Untitled",
        "transform" : [
          0.999985,
          0,
          -0.005477878,
          0,
          -0.0038734442,
          0.7071068,
          -0.7070961,
          0,
          0.0038734453,
          0.70710677,
          0.7070963,
          0,
          0.00115872,
          0.21147649,
          0.21153149,
          1
        ]
      },
      {
        "date" : 755706691.874947,
        "title" : "Untitled",
        "transform" : [
          0.9999995,
          0,
          -0.0009918212,
          0,
          -0.00070132344,
          0.7071069,
          -0.7071064,
          0,
          0.00070132356,
          0.70710677,
          0.70710653,
          0,
          0.001354004,
          1.3650613,
          1.3654362,
          1
        ]
      },
      {
        "date" : 755706689.950247,
        "title" : "Untitled",
        "transform" : [
          0.9999995,
          0,
          -0.0009918212,
          0,
          -0.00070132344,
          0.7071069,
          -0.7071064,
          0,
          0.00070132356,
          0.70710677,
          0.70710653,
          0,
          0.004304538,
          4.33969,
          4.3408823,
          1
        ]
      },
      {
        "date" : 755706674.541929,
        "title" : "Untitled",
        "transform" : [
          0.9999995,
          0,
          -0.0009918212,
          0,
          -0.00070132344,
          0.7071069,
          -0.7071064,
          0,
          0.00070132356,
          0.70710677,
          0.70710653,
          0,
          0.0049085473,
          4.948632,
          4.9499907,
          1
        ]
      },
      {
        "date" : 755706671.360154,
        "title" : "Untitled",
        "transform" : [
          0.9999995,
          0,
          -0.0009918212,
          0,
          -0.00070132344,
          0.7071069,
          -0.7071064,
          0,
          0.00070132356,
          0.70710677,
          0.70710653,
          0,
          0.03572372,
          36.01545,
          36.02534,
          1
        ]
      },
      {
        "date" : 755706436.614376,
        "title" : "Untitled",
        "transform" : [
          0.9999995,
          0,
          -0.0009918212,
          0,
          -0.00070132344,
          0.7071069,
          -0.7071064,
          0,
          0.00070132356,
          0.70710677,
          0.70710653,
          0,
          0.00033430313,
          0.3370331,
          0.3371257,
          1
        ]
      }
    ],
    "AFFFB4F2-1C93-4D85-B6B0-5EF91C29D232" : [
      {
        "date" : 756308625.737836,
        "title" : "Untitled",
        "transform" : [
          0.99979204,
          -9.809061e-10,
          0.020392014,
          0,
          0.0034645705,
          0.98546153,
          -0.16986308,
          0,
          -0.020095548,
          0.16989836,
          0.9852567,
          0,
          0.44858414,
          0.25230113,
          0.7408613,
          1
        ]
      },
      {
        "date" : 756308621.475212,
        "title" : "Untitled",
        "transform" : [
          0.7676535,
          5.980322e-09,
          -0.64086497,
          0,
          0.13679346,
          0.9769536,
          0.16385666,
          0,
          0.6260954,
          -0.21345128,
          0.749962,
          0,
          0.8510974,
          -0.04155525,
          0.29608336,
          1
        ]
      },
      {
        "date" : 756304951.98052,
        "title" : "Untitled",
        "transform" : [
          0.9984681,
          -6.63814e-10,
          0.055329688,
          0,
          0.017206782,
          0.9504143,
          -0.31051004,
          0,
          -0.05258613,
          0.3109864,
          0.9489584,
          0,
          0.42486316,
          0.35570484,
          0.71184576,
          1
        ]
      },
      {
        "date" : 756223478.373622,
        "title" : "Untitled",
        "transform" : [
          0.9984681,
          -6.63814e-10,
          0.055329688,
          0,
          0.017206782,
          0.9504143,
          -0.31051004,
          0,
          -0.05258613,
          0.3109864,
          0.9489584,
          0,
          0.055710413,
          0.20836574,
          0.7396743,
          1
        ]
      },
      {
        "date" : 756223476.68829,
        "title" : "Untitled",
        "transform" : [
          0.9984681,
          -7.746431e-11,
          0.05532969,
          0,
          0.017206782,
          0.9504143,
          -0.31051004,
          0,
          -0.052586135,
          0.3109864,
          0.9489584,
          0,
          0.055710375,
          0.20836583,
          0.7396743,
          1
        ]
      },
      {
        "date" : 756223458.044903,
        "title" : "Untitled",
        "transform" : [
          0.99846816,
          9.873847e-10,
          0.055329695,
          0,
          0.017206794,
          0.9504144,
          -0.31051007,
          0,
          -0.052586142,
          0.31098652,
          0.9489585,
          0,
          -0.6178441,
          0.5571403,
          1.8571028,
          1
        ]
      },
      {
        "date" : 756223072.628733,
        "title" : "Untitled",
        "transform" : [
          0.96634376,
          9.817115e-10,
          0.25725418,
          0,
          0.03481362,
          0.9908009,
          -0.13077307,
          0,
          -0.25488767,
          0.13532774,
          0.95745426,
          0,
          -1.0004874,
          0.20909926,
          1.7596219,
          1
        ]
      },
      {
        "date" : 756222880.465837,
        "title" : "Untitled",
        "transform" : [
          0.96634376,
          9.817115e-10,
          0.25725418,
          0,
          0.03481362,
          0.9908009,
          -0.13077307,
          0,
          -0.25488767,
          0.13532774,
          0.95745426,
          0,
          -0.6026597,
          -0.0021197125,
          0.2652311,
          1
        ]
      },
      {
        "date" : 756218596.111415,
        "title" : "Untitled",
        "transform" : [
          0.96634376,
          9.817115e-10,
          0.25725418,
          0,
          0.03481362,
          0.9908009,
          -0.13077307,
          0,
          -0.25488767,
          0.13532774,
          0.95745426,
          0,
          0.36656255,
          0.062460847,
          0.51412374,
          1
        ]
      },
      {
        "date" : 756141466.907839,
        "title" : "Untitled",
        "transform" : [
          0.96634376,
          9.817115e-10,
          0.25725418,
          0,
          0.03481362,
          0.9908009,
          -0.13077307,
          0,
          -0.25488767,
          0.13532774,
          0.95745426,
          0,
          -0.12651637,
          0.12019605,
          0.98935,
          1
        ]
      }
    ]
  },
  "sceneViewportBackgroundColors" : {

  },
  "selectedSceneRelativePath" : "Materials\/UEMaterial.usda"
}