{
  "advancedEditorSelectedIdentifier" : "ShaderGraphEditorPluginID",
  "openSceneRelativePaths" : [
    "Immersive.usda",
    "Materials\/UEMaterial.usda",
    "Materials\/Nodes\/UENode.usda"
  ],
  "recentIdentifiers" : {
    "6B3CFE20-BE03-4412-91D9-2DEA5CE4F5BE" : [

    ],
    "7FF16649-B3D7-4A5B-9193-076A64EB06E6" : [

    ],
    "A6689D6A-EE6C-4FF8-B798-751326675DF0" : [

    ],
    "AFFFB4F2-1C93-4D85-B6B0-5EF91C29D232" : [

    ]
  },
  "sceneCameraHistory" : {
    "6B3CFE20-BE03-4412-91D9-2DEA5CE4F5BE" : [
      {
        "date" : 755954221.620454,
        "title" : "Untitled",
        "transform" : [
          0.99869543,
          -4.0577475e-10,
          0.051062644,
          0,
          0.02862096,
          0.8281497,
          -0.5597759,
          0,
          -0.042287506,
          0.560507,
          0.82706934,
          0,
          -0.5065779,
          0.372674,
          0.626838,
          1
        ]
      },
      {
        "date" : 755953238.315449,
        "title" : "Untitled",
        "transform" : [
          0.99869543,
          -4.0577475e-10,
          0.051062644,
          0,
          0.02862096,
          0.8281497,
          -0.5597759,
          0,
          -0.042287506,
          0.560507,
          0.82706934,
          0,
          0.060485005,
          0.54906994,
          1.0941231,
          1
        ]
      },
      {
        "date" : 755951055.909485,
        "title" : "Untitled",
        "transform" : [
          0.99869543,
          -4.0577475e-10,
          0.051062644,
          0,
          0.02862096,
          0.8281497,
          -0.5597759,
          0,
          -0.042287506,
          0.560507,
          0.82706934,
          0,
          0.13879591,
          1.2599595,
          2.510702,
          1
        ]
      },
      {
        "date" : 755951027.030526,
        "title" : "Untitled",
        "transform" : [
          0.99869543,
          -4.0577475e-10,
          0.051062644,
          0,
          0.02862096,
          0.8281497,
          -0.5597759,
          0,
          -0.042287506,
          0.560507,
          0.82706934,
          0,
          0.16674042,
          1.6163521,
          2.2706025,
          1
        ]
      },
      {
        "date" : 755950798.603208,
        "title" : "Untitled",
        "transform" : [
          0.9979099,
          -4.0577475e-10,
          0.06462012,
          0,
          0.036220025,
          0.8281497,
          -0.5593356,
          0,
          -0.053515133,
          0.560507,
          0.8264188,
          0,
          -0.3533497,
          0.88912106,
          1.4798081,
          1
        ]
      },
      {
        "date" : 755950282.558864,
        "title" : "Untitled",
        "transform" : [
          0.9979099,
          -4.0577475e-10,
          0.06462012,
          0,
          0.036220025,
          0.8281497,
          -0.5593356,
          0,
          -0.053515133,
          0.560507,
          0.8264188,
          0,
          -0.2863137,
          0.7978941,
          1.3279744,
          1
        ]
      },
      {
        "date" : 755950092.142249,
        "title" : "Untitled",
        "transform" : [
          0.9979099,
          -4.0577475e-10,
          0.06462012,
          0,
          0.036220025,
          0.8281497,
          -0.5593356,
          0,
          -0.053515133,
          0.560507,
          0.8264188,
          0,
          -0.25062847,
          0.42413452,
          0.77689826,
          1
        ]
      },
      {
        "date" : 755950051.65246,
        "title" : "Untitled",
        "transform" : [
          0.9992784,
          1.4854207e-10,
          0.037981935,
          0,
          0.014675664,
          0.92233735,
          -0.38610688,
          0,
          -0.035032153,
          0.38638565,
          0.9216718,
          0,
          -0.0040507466,
          0.1251242,
          0.37360334,
          1
        ]
      },
      {
        "date" : 755950045.952511,
        "title" : "Untitled",
        "transform" : [
          0.99629045,
          -2.6300784e-10,
          0.08605415,
          0,
          0.06609722,
          0.64034337,
          -0.7652396,
          0,
          -0.0551042,
          0.7680888,
          0.63796794,
          0,
          -0.013452172,
          0.2832184,
          0.27360243,
          1
        ]
      },
      {
        "date" : 755950027.125769,
        "title" : "Untitled",
        "transform" : [
          0.99629045,
          -2.6300784e-10,
          0.08605415,
          0,
          0.06609722,
          0.64034337,
          -0.7652396,
          0,
          -0.0551042,
          0.7680888,
          0.63796794,
          0,
          0.102220364,
          0.70132583,
          0.65847766,
          1
        ]
      }
    ],
    "7FF16649-B3D7-4A5B-9193-076A64EB06E6" : [
      {
        "date" : 756484419.074788,
        "title" : "Untitled",
        "transform" : [
          0.044460613,
          2.0013472e-08,
          0.99901116,
          0,
          0.1279513,
          0.9917641,
          -0.005694467,
          0,
          -0.99078345,
          0.12807776,
          0.04409426,
          0,
          -0.3554329,
          0.0064094514,
          -0.0036401032,
          1
        ]
      },
      {
        "date" : 756483616.909275,
        "title" : "Untitled",
        "transform" : [
          0.04446061,
          2.001347e-08,
          0.99901104,
          0,
          0.1279513,
          0.9917641,
          -0.005694467,
          0,
          -0.99078333,
          0.12807775,
          0.044094257,
          0,
          -0.34804353,
          0.06707299,
          -0.013809132,
          1
        ]
      },
      {
        "date" : 756482985.627831,
        "title" : "Untitled",
        "transform" : [
          -0.50351167,
          1.9449086e-08,
          0.86398834,
          0,
          -0.11860846,
          0.9905323,
          -0.06912221,
          0,
          -0.8558082,
          -0.13728034,
          -0.4987447,
          0,
          -0.28982374,
          -0.026577162,
          -0.20277974,
          1
        ]
      },
      {
        "date" : 756481065.441679,
        "title" : "Untitled",
        "transform" : [
          -0.123251095,
          2.2587514e-08,
          0.9923755,
          0,
          0.12161462,
          0.99246246,
          0.015104249,
          0,
          -0.9848954,
          0.1225488,
          -0.12232225,
          0,
          -0.34119707,
          0.06513768,
          -0.0718706,
          1
        ]
      },
      {
        "date" : 756472873.791322,
        "title" : "Untitled",
        "transform" : [
          -0.4937485,
          2.256153e-08,
          0.86960477,
          0,
          0.09622319,
          0.9938593,
          0.054634023,
          0,
          -0.86426467,
          0.11065142,
          -0.49071664,
          0,
          -0.28835243,
          0.060970902,
          -0.1973808,
          1
        ]
      },
      {
        "date" : 756468816.209588,
        "title" : "Untitled",
        "transform" : [
          -0.9992417,
          2.1186938e-08,
          0.038936414,
          0,
          0.009418747,
          0.97030133,
          0.2417159,
          0,
          -0.03777993,
          0.24189915,
          -0.96956563,
          0,
          0.016125888,
          0.10675753,
          -0.33788535,
          1
        ]
      },
      {
        "date" : 756308591.875573,
        "title" : "Untitled",
        "transform" : [
          -0.98784703,
          2.1314836e-08,
          0.15542914,
          0,
          0.023545977,
          0.9884588,
          0.1496487,
          0,
          -0.15363519,
          0.15148956,
          -0.9764462,
          0,
          -0.02477163,
          0.07526013,
          -0.34575424,
          1
        ]
      },
      {
        "date" : 756308577.340333,
        "title" : "Untitled",
        "transform" : [
          -0.98784703,
          2.1314836e-08,
          0.15542914,
          0,
          0.023545977,
          0.9884588,
          0.1496487,
          0,
          -0.15363519,
          0.15148956,
          -0.9764462,
          0,
          -0.019195415,
          0.058318708,
          -0.26792327,
          1
        ]
      },
      {
        "date" : 756308538.575418,
        "title" : "Untitled",
        "transform" : [
          -0.7412991,
          2.3373294e-08,
          0.6711748,
          0,
          0.22032167,
          0.9445865,
          0.24334078,
          0,
          -0.6339826,
          0.32826248,
          -0.70022124,
          0,
          -0.15274787,
          0.105897605,
          -0.20249987,
          1
        ]
      },
      {
        "date" : 756308491.912829,
        "title" : "Untitled",
        "transform" : [
          -0.99898297,
          2.9794617e-08,
          0.045089815,
          0,
          -0.00812731,
          0.9836212,
          -0.18006481,
          0,
          -0.044351257,
          -0.18024829,
          -0.98262066,
          0,
          0.010393422,
          -0.032459944,
          -0.27274665,
          1
        ]
      }
    ],
    "A6689D6A-EE6C-4FF8-B798-751326675DF0" : [
      {
        "date" : 755707025.911993,
        "title" : "Untitled",
        "transform" : [
          0.999985,
          0,
          -0.005477878,
          0,
          -0.0038734442,
          0.7071068,
          -0.7070961,
          0,
          0.0038734453,
          0.70710677,
          0.7070963,
          0,
          0.002612041,
          0.4745653,
          0.4771586,
          1
        ]
      },
      {
        "date" : 755707017.798506,
        "title" : "Untitled",
        "transform" : [
          0.999985,
          0,
          -0.005477878,
          0,
          -0.0038734442,
          0.7071068,
          -0.7070961,
          0,
          0.0038734453,
          0.70710677,
          0.7070963,
          0,
          0.00085887406,
          0.15604343,
          0.15689614,
          1
        ]
      },
      {
        "date" : 755706708.980231,
        "title" : "Untitled",
        "transform" : [
          0.999985,
          0,
          -0.005477878,
          0,
          -0.0038734442,
          0.7071068,
          -0.7070961,
          0,
          0.0038734453,
          0.70710677,
          0.7070963,
          0,
          0.017036235,
          3.1092613,
          3.1100695,
          1
        ]
      },
      {
        "date" : 755706706.001845,
        "title" : "Untitled",
        "transform" : [
          0.999985,
          0,
          -0.005477878,
          0,
          -0.0038734442,
          0.7071068,
          -0.7070961,
          0,
          0.0038734453,
          0.70710677,
          0.7070963,
          0,
          0.00115872,
          0.21147649,
          0.21153149,
          1
        ]
      },
      {
        "date" : 755706691.874947,
        "title" : "Untitled",
        "transform" : [
          0.9999995,
          0,
          -0.0009918212,
          0,
          -0.00070132344,
          0.7071069,
          -0.7071064,
          0,
          0.00070132356,
          0.70710677,
          0.70710653,
          0,
          0.001354004,
          1.3650613,
          1.3654362,
          1
        ]
      },
      {
        "date" : 755706689.950247,
        "title" : "Untitled",
        "transform" : [
          0.9999995,
          0,
          -0.0009918212,
          0,
          -0.00070132344,
          0.7071069,
          -0.7071064,
          0,
          0.00070132356,
          0.70710677,
          0.70710653,
          0,
          0.004304538,
          4.33969,
          4.3408823,
          1
        ]
      },
      {
        "date" : 755706674.541929,
        "title" : "Untitled",
        "transform" : [
          0.9999995,
          0,
          -0.0009918212,
          0,
          -0.00070132344,
          0.7071069,
          -0.7071064,
          0,
          0.00070132356,
          0.70710677,
          0.70710653,
          0,
          0.0049085473,
          4.948632,
          4.9499907,
          1
        ]
      },
      {
        "date" : 755706671.360154,
        "title" : "Untitled",
        "transform" : [
          0.9999995,
          0,
          -0.0009918212,
          0,
          -0.00070132344,
          0.7071069,
          -0.7071064,
          0,
          0.00070132356,
          0.70710677,
          0.70710653,
          0,
          0.03572372,
          36.01545,
          36.02534,
          1
        ]
      },
      {
        "date" : 755706436.614376,
        "title" : "Untitled",
        "transform" : [
          0.9999995,
          0,
          -0.0009918212,
          0,
          -0.00070132344,
          0.7071069,
          -0.7071064,
          0,
          0.00070132356,
          0.70710677,
          0.70710653,
          0,
          0.00033430313,
          0.3370331,
          0.3371257,
          1
        ]
      }
    ],
    "AFFFB4F2-1C93-4D85-B6B0-5EF91C29D232" : [
      {
        "date" : 756470351.285087,
        "title" : "Untitled",
        "transform" : [
          0.9999247,
          2.6091022e-12,
          -0.012269631,
          0,
          -0.00027796,
          0.99974334,
          -0.022652604,
          0,
          0.012266481,
          0.02265431,
          0.9996681,
          0,
          0.024887398,
          0.179138,
          1.2702751,
          1
        ]
      },
      {
        "date" : 756468932.915022,
        "title" : "Untitled",
        "transform" : [
          0.9999247,
          9.976332e-12,
          -0.01226963,
          0,
          -0.00027796,
          0.99974334,
          -0.022652604,
          0,
          0.01226648,
          0.022654308,
          0.9996681,
          0,
          0.16918194,
          0.16489509,
          1.0699914,
          1
        ]
      },
      {
        "date" : 756467989.338532,
        "title" : "Untitled",
        "transform" : [
          0.9999247,
          9.976332e-12,
          -0.01226963,
          0,
          -0.00027796,
          0.99974334,
          -0.022652604,
          0,
          0.01226648,
          0.022654308,
          0.9996681,
          0,
          -0.030730128,
          0.15423658,
          1.072686,
          1
        ]
      },
      {
        "date" : 756467979.152311,
        "title" : "Untitled",
        "transform" : [
          0.9999247,
          9.976332e-12,
          -0.01226963,
          0,
          -0.00027796,
          0.99974334,
          -0.022652604,
          0,
          0.01226648,
          0.022654308,
          0.9996681,
          0,
          -0.8334719,
          0.08740726,
          0.487579,
          1
        ]
      },
      {
        "date" : 756467969.452896,
        "title" : "Untitled",
        "transform" : [
          0.9999247,
          9.976332e-12,
          -0.01226963,
          0,
          -0.00027796,
          0.99974334,
          -0.022652604,
          0,
          0.01226648,
          0.022654308,
          0.9996681,
          0,
          -0.79530656,
          0.18580902,
          0.4848807,
          1
        ]
      },
      {
        "date" : 756467963.627929,
        "title" : "Untitled",
        "transform" : [
          0.9999247,
          9.976332e-12,
          -0.01226963,
          0,
          -0.00027796,
          0.99974334,
          -0.022652604,
          0,
          0.01226648,
          0.022654308,
          0.9996681,
          0,
          -0.78206044,
          0.09328216,
          0.486815,
          1
        ]
      },
      {
        "date" : 756467960.236046,
        "title" : "Untitled",
        "transform" : [
          0.9999247,
          9.976332e-12,
          -0.01226963,
          0,
          -0.00027796,
          0.99974334,
          -0.022652604,
          0,
          0.01226648,
          0.022654308,
          0.9996681,
          0,
          -0.86730534,
          0.25924295,
          0.48410007,
          1
        ]
      },
      {
        "date" : 756467955.215953,
        "title" : "Untitled",
        "transform" : [
          0.9999247,
          9.976332e-12,
          -0.01226963,
          0,
          -0.00027796,
          0.99974334,
          -0.022652604,
          0,
          0.01226648,
          0.022654308,
          0.9996681,
          0,
          -0.5472399,
          0.21591361,
          0.85797954,
          1
        ]
      },
      {
        "date" : 756467797.496708,
        "title" : "Untitled",
        "transform" : [
          0.9999247,
          9.976332e-12,
          -0.01226963,
          0,
          -0.00027796,
          0.99974334,
          -0.022652604,
          0,
          0.01226648,
          0.022654308,
          0.9996681,
          0,
          -0.06208563,
          0.49038658,
          1.9829503,
          1
        ]
      },
      {
        "date" : 756467786.415232,
        "title" : "Untitled",
        "transform" : [
          1,
          0,
          0,
          0,
          0,
          1,
          0,
          0,
          0,
          0,
          1,
          0,
          -0.08645615,
          0.44519222,
          1.9999999,
          1
        ]
      }
    ]
  },
  "sceneViewportBackgroundColors" : {

  },
  "selectedSceneRelativePath" : "Materials\/Nodes\/UENode.usda"
}