{
  "advancedEditorSelectedIdentifier" : "ShaderGraphEditorPluginID",
  "openSceneRelativePaths" : [
    "Immersive.usda",
    "Materials\/UEMaterial.usda",
    "Materials\/Nodes\/UENode.usda"
  ],
  "recentIdentifiers" : {
    "6B3CFE20-BE03-4412-91D9-2DEA5CE4F5BE" : [

    ],
    "7FF16649-B3D7-4A5B-9193-076A64EB06E6" : [

    ],
    "A6689D6A-EE6C-4FF8-B798-751326675DF0" : [

    ],
    "AFFFB4F2-1C93-4D85-B6B0-5EF91C29D232" : [

    ]
  },
  "sceneCameraHistory" : {
    "6B3CFE20-BE03-4412-91D9-2DEA5CE4F5BE" : [
      {
        "date" : 755954221.620454,
        "title" : "Untitled",
        "transform" : [
          0.99869543,
          -4.0577475e-10,
          0.051062644,
          0,
          0.02862096,
          0.8281497,
          -0.5597759,
          0,
          -0.042287506,
          0.560507,
          0.82706934,
          0,
          -0.5065779,
          0.372674,
          0.626838,
          1
        ]
      },
      {
        "date" : 755953238.315449,
        "title" : "Untitled",
        "transform" : [
          0.99869543,
          -4.0577475e-10,
          0.051062644,
          0,
          0.02862096,
          0.8281497,
          -0.5597759,
          0,
          -0.042287506,
          0.560507,
          0.82706934,
          0,
          0.060485005,
          0.54906994,
          1.0941231,
          1
        ]
      },
      {
        "date" : 755951055.909485,
        "title" : "Untitled",
        "transform" : [
          0.99869543,
          -4.0577475e-10,
          0.051062644,
          0,
          0.02862096,
          0.8281497,
          -0.5597759,
          0,
          -0.042287506,
          0.560507,
          0.82706934,
          0,
          0.13879591,
          1.2599595,
          2.510702,
          1
        ]
      },
      {
        "date" : 755951027.030526,
        "title" : "Untitled",
        "transform" : [
          0.99869543,
          -4.0577475e-10,
          0.051062644,
          0,
          0.02862096,
          0.8281497,
          -0.5597759,
          0,
          -0.042287506,
          0.560507,
          0.82706934,
          0,
          0.16674042,
          1.6163521,
          2.2706025,
          1
        ]
      },
      {
        "date" : 755950798.603208,
        "title" : "Untitled",
        "transform" : [
          0.9979099,
          -4.0577475e-10,
          0.06462012,
          0,
          0.036220025,
          0.8281497,
          -0.5593356,
          0,
          -0.053515133,
          0.560507,
          0.8264188,
          0,
          -0.3533497,
          0.88912106,
          1.4798081,
          1
        ]
      },
      {
        "date" : 755950282.558864,
        "title" : "Untitled",
        "transform" : [
          0.9979099,
          -4.0577475e-10,
          0.06462012,
          0,
          0.036220025,
          0.8281497,
          -0.5593356,
          0,
          -0.053515133,
          0.560507,
          0.8264188,
          0,
          -0.2863137,
          0.7978941,
          1.3279744,
          1
        ]
      },
      {
        "date" : 755950092.142249,
        "title" : "Untitled",
        "transform" : [
          0.9979099,
          -4.0577475e-10,
          0.06462012,
          0,
          0.036220025,
          0.8281497,
          -0.5593356,
          0,
          -0.053515133,
          0.560507,
          0.8264188,
          0,
          -0.25062847,
          0.42413452,
          0.77689826,
          1
        ]
      },
      {
        "date" : 755950051.65246,
        "title" : "Untitled",
        "transform" : [
          0.9992784,
          1.4854207e-10,
          0.037981935,
          0,
          0.014675664,
          0.92233735,
          -0.38610688,
          0,
          -0.035032153,
          0.38638565,
          0.9216718,
          0,
          -0.0040507466,
          0.1251242,
          0.37360334,
          1
        ]
      },
      {
        "date" : 755950045.952511,
        "title" : "Untitled",
        "transform" : [
          0.99629045,
          -2.6300784e-10,
          0.08605415,
          0,
          0.06609722,
          0.64034337,
          -0.7652396,
          0,
          -0.0551042,
          0.7680888,
          0.63796794,
          0,
          -0.013452172,
          0.2832184,
          0.27360243,
          1
        ]
      },
      {
        "date" : 755950027.125769,
        "title" : "Untitled",
        "transform" : [
          0.99629045,
          -2.6300784e-10,
          0.08605415,
          0,
          0.06609722,
          0.64034337,
          -0.7652396,
          0,
          -0.0551042,
          0.7680888,
          0.63796794,
          0,
          0.102220364,
          0.70132583,
          0.65847766,
          1
        ]
      }
    ],
    "7FF16649-B3D7-4A5B-9193-076A64EB06E6" : [
      {
        "date" : 756218474.106027,
        "title" : "Untitled",
        "transform" : [
          1,
          0,
          0,
          0,
          0,
          1,
          0,
          0,
          0,
          0,
          1,
          0,
          -0.09081731,
          0.0009979834,
          0.3505563,
          1
        ]
      },
      {
        "date" : 756140765.521442,
        "title" : "Untitled",
        "transform" : [
          1,
          0,
          0,
          0,
          0,
          1,
          0,
          0,
          0,
          0,
          1,
          0,
          -5.122274e-09,
          -6.9849193e-09,
          0.3505563,
          1
        ]
      },
      {
        "date" : 756132880.612497,
        "title" : "Untitled",
        "transform" : [
          1,
          0,
          0,
          0,
          0,
          1,
          0,
          0,
          0,
          0,
          1,
          0,
          -0.0030030734,
          0.0037527797,
          0.40635037,
          1
        ]
      },
      {
        "date" : 756128487.760099,
        "title" : "Untitled",
        "transform" : [
          0.12858662,
          2.5871776e-09,
          0.9916984,
          0,
          0.60266805,
          0.7941566,
          -0.07814377,
          0,
          -0.7875639,
          0.6077132,
          0.102117926,
          0,
          -0.31343392,
          0.21635325,
          0.0026184998,
          1
        ]
      },
      {
        "date" : 756128362.083499,
        "title" : "Untitled",
        "transform" : [
          0.06933439,
          -1.518807e-09,
          0.9975935,
          0,
          0.19493034,
          0.98072356,
          -0.013547978,
          0,
          -0.97836345,
          0.19540058,
          0.06799787,
          0,
          -0.37638906,
          0.05702842,
          -0.011637947,
          1
        ]
      },
      {
        "date" : 755965987.272007,
        "title" : "Untitled",
        "transform" : [
          0.06933439,
          -1.518807e-09,
          0.9975935,
          0,
          0.19493034,
          0.98072356,
          -0.013547978,
          0,
          -0.97836345,
          0.19540058,
          0.06799787,
          0,
          -0.3705214,
          0.07381322,
          0.024553755,
          1
        ]
      },
      {
        "date" : 755965928.370891,
        "title" : "Untitled",
        "transform" : [
          0.99998385,
          -1.4355042e-09,
          0.005691932,
          0,
          0.00015332137,
          0.9996372,
          -0.026935928,
          0,
          -0.0056898654,
          0.026936363,
          0.99962103,
          0,
          -0.0033493815,
          0.010029942,
          0.37845153,
          1
        ]
      },
      {
        "date" : 755954761.523145,
        "title" : "Untitled",
        "transform" : [
          0.9996479,
          -1.4251064e-09,
          0.026537063,
          0,
          6.722823e-05,
          0.99999684,
          -0.0025324258,
          0,
          -0.026536977,
          0.002533318,
          0.9996447,
          0,
          -0.011241625,
          0.0007909549,
          0.37843147,
          1
        ]
      },
      {
        "date" : 755953457.560024,
        "title" : "Untitled",
        "transform" : [
          0.99964786,
          -1.4216218e-09,
          0.026537063,
          0,
          6.722867e-05,
          0.99999684,
          -0.0025324258,
          0,
          -0.02653698,
          0.0025333832,
          0.99964464,
          0,
          -0.009893813,
          0.0009445188,
          0.37269872,
          1
        ]
      },
      {
        "date" : 755953344.233646,
        "title" : "Untitled",
        "transform" : [
          1,
          0,
          0,
          0,
          0,
          0.7071069,
          -0.70710677,
          0,
          0,
          0.70710677,
          0.7071069,
          0,
          0,
          0.83479327,
          0.8347934,
          1
        ]
      }
    ],
    "A6689D6A-EE6C-4FF8-B798-751326675DF0" : [
      {
        "date" : 755707025.911993,
        "title" : "Untitled",
        "transform" : [
          0.999985,
          0,
          -0.005477878,
          0,
          -0.0038734442,
          0.7071068,
          -0.7070961,
          0,
          0.0038734453,
          0.70710677,
          0.7070963,
          0,
          0.002612041,
          0.4745653,
          0.4771586,
          1
        ]
      },
      {
        "date" : 755707017.798506,
        "title" : "Untitled",
        "transform" : [
          0.999985,
          0,
          -0.005477878,
          0,
          -0.0038734442,
          0.7071068,
          -0.7070961,
          0,
          0.0038734453,
          0.70710677,
          0.7070963,
          0,
          0.00085887406,
          0.15604343,
          0.15689614,
          1
        ]
      },
      {
        "date" : 755706708.980231,
        "title" : "Untitled",
        "transform" : [
          0.999985,
          0,
          -0.005477878,
          0,
          -0.0038734442,
          0.7071068,
          -0.7070961,
          0,
          0.0038734453,
          0.70710677,
          0.7070963,
          0,
          0.017036235,
          3.1092613,
          3.1100695,
          1
        ]
      },
      {
        "date" : 755706706.001845,
        "title" : "Untitled",
        "transform" : [
          0.999985,
          0,
          -0.005477878,
          0,
          -0.0038734442,
          0.7071068,
          -0.7070961,
          0,
          0.0038734453,
          0.70710677,
          0.7070963,
          0,
          0.00115872,
          0.21147649,
          0.21153149,
          1
        ]
      },
      {
        "date" : 755706691.874947,
        "title" : "Untitled",
        "transform" : [
          0.9999995,
          0,
          -0.0009918212,
          0,
          -0.00070132344,
          0.7071069,
          -0.7071064,
          0,
          0.00070132356,
          0.70710677,
          0.70710653,
          0,
          0.001354004,
          1.3650613,
          1.3654362,
          1
        ]
      },
      {
        "date" : 755706689.950247,
        "title" : "Untitled",
        "transform" : [
          0.9999995,
          0,
          -0.0009918212,
          0,
          -0.00070132344,
          0.7071069,
          -0.7071064,
          0,
          0.00070132356,
          0.70710677,
          0.70710653,
          0,
          0.004304538,
          4.33969,
          4.3408823,
          1
        ]
      },
      {
        "date" : 755706674.541929,
        "title" : "Untitled",
        "transform" : [
          0.9999995,
          0,
          -0.0009918212,
          0,
          -0.00070132344,
          0.7071069,
          -0.7071064,
          0,
          0.00070132356,
          0.70710677,
          0.70710653,
          0,
          0.0049085473,
          4.948632,
          4.9499907,
          1
        ]
      },
      {
        "date" : 755706671.360154,
        "title" : "Untitled",
        "transform" : [
          0.9999995,
          0,
          -0.0009918212,
          0,
          -0.00070132344,
          0.7071069,
          -0.7071064,
          0,
          0.00070132356,
          0.70710677,
          0.70710653,
          0,
          0.03572372,
          36.01545,
          36.02534,
          1
        ]
      },
      {
        "date" : 755706436.614376,
        "title" : "Untitled",
        "transform" : [
          0.9999995,
          0,
          -0.0009918212,
          0,
          -0.00070132344,
          0.7071069,
          -0.7071064,
          0,
          0.00070132356,
          0.70710677,
          0.70710653,
          0,
          0.00033430313,
          0.3370331,
          0.3371257,
          1
        ]
      }
    ],
    "AFFFB4F2-1C93-4D85-B6B0-5EF91C29D232" : [
      {
        "date" : 756218596.111415,
        "title" : "Untitled",
        "transform" : [
          0.96634376,
          9.817115e-10,
          0.25725418,
          0,
          0.03481362,
          0.9908009,
          -0.13077307,
          0,
          -0.25488767,
          0.13532774,
          0.95745426,
          0,
          0.36656255,
          0.062460847,
          0.51412374,
          1
        ]
      },
      {
        "date" : 756141466.907839,
        "title" : "Untitled",
        "transform" : [
          0.96634376,
          9.817115e-10,
          0.25725418,
          0,
          0.03481362,
          0.9908009,
          -0.13077307,
          0,
          -0.25488767,
          0.13532774,
          0.95745426,
          0,
          -0.12651637,
          0.12019605,
          0.98935,
          1
        ]
      },
      {
        "date" : 756141450.206108,
        "title" : "Untitled",
        "transform" : [
          0.99998885,
          8.4368984e-10,
          0.0047023757,
          0,
          0.0005464439,
          0.9932253,
          -0.11620345,
          0,
          -0.004670502,
          0.11620479,
          0.9932143,
          0,
          0.12759586,
          0.101118356,
          0.99134314,
          1
        ]
      },
      {
        "date" : 756141295.675998,
        "title" : "Untitled",
        "transform" : [
          0.8870959,
          8.860198e-10,
          0.46158496,
          0,
          0.01000597,
          0.9997651,
          -0.019229935,
          0,
          -0.4614765,
          0.021677455,
          0.88688755,
          0,
          -0.34234795,
          0.0068947095,
          0.9444666,
          1
        ]
      },
      {
        "date" : 755969595.774541,
        "title" : "Untitled",
        "transform" : [
          0.9868078,
          5.8597927e-10,
          0.1618959,
          0,
          0.0021695597,
          0.9999103,
          -0.013224127,
          0,
          -0.16188139,
          0.013400966,
          0.98671925,
          0,
          -0.030717256,
          -0.0013489083,
          1.004152,
          1
        ]
      },
      {
        "date" : 755968627.895025,
        "title" : "Untitled",
        "transform" : [
          0.9868078,
          5.8597927e-10,
          0.1618959,
          0,
          0.0021695597,
          0.9999103,
          -0.013224127,
          0,
          -0.16188139,
          0.013400966,
          0.98671925,
          0,
          -0.02971331,
          -0.0013048213,
          0.97133297,
          1
        ]
      },
      {
        "date" : 755968352.509632,
        "title" : "Untitled",
        "transform" : [
          1,
          0,
          0,
          0,
          0,
          0.7071069,
          -0.70710677,
          0,
          0,
          0.70710677,
          0.7071069,
          0,
          0.1279335,
          0.6710522,
          0.6911543,
          1
        ]
      },
      {
        "date" : 755955177.175375,
        "title" : "Untitled",
        "transform" : [
          1,
          0,
          0,
          0,
          0,
          0.7071069,
          -0.70710677,
          0,
          0,
          0.70710677,
          0.7071069,
          0,
          0,
          0.6811033,
          0.68110347,
          1
        ]
      }
    ]
  },
  "sceneViewportBackgroundColors" : {

  },
  "selectedSceneRelativePath" : "Materials\/UEMaterial.usda"
}