{
  "advancedEditorSelectedIdentifier" : "ShaderGraphEditorPluginID",
  "openSceneRelativePaths" : [
    "Materials\/Nodes\/UENode.usda",
    "Materials\/UEMaterial.usda",
    "Materials\/UnityMaterial.usda",
    "Materials\/Nodes\/PixelizeNode.usda",
    "Materials\/PixelizeMaterial.usda"
  ],
  "recentIdentifiers" : {
    "028C61D4-4E9B-433B-83E1-F50846CD048E" : [

    ],
    "0D159C62-0E93-409F-A2F4-B60E998051BE" : [

    ],
    "208518D5-717F-4135-9675-68881D3D5152" : [

    ],
    "6865F096-C05E-4918-91FD-54893F3E4052" : [

    ],
    "69F48840-7E19-4AE3-B581-9AC6CF6B9217" : [

    ],
    "6B3CFE20-BE03-4412-91D9-2DEA5CE4F5BE" : [

    ],
    "7FF16649-B3D7-4A5B-9193-076A64EB06E6" : [

    ],
    "88382C59-1BDA-4A48-83C1-CF50C78D31FB" : [

    ],
    "A6689D6A-EE6C-4FF8-B798-751326675DF0" : [

    ],
    "A7518375-FB43-4E8E-85ED-EEBF68DC0A95" : [

    ],
    "AFFFB4F2-1C93-4D85-B6B0-5EF91C29D232" : [

    ],
    "C9BFB86D-CD6D-47AE-9427-F0BB21BCBEAC" : [

    ]
  },
  "sceneCameraHistory" : {
    "028C61D4-4E9B-433B-83E1-F50846CD048E" : [
      {
        "date" : 764154566.516719,
        "title" : "Untitled",
        "transform" : [
          0.999326,
          -1.3311469e-08,
          0.03670852,
          0,
          0.006338706,
          0.98497856,
          -0.17256013,
          0,
          -0.036157086,
          0.17267653,
          0.9843147,
          0,
          -0.24894053,
          0.1401841,
          0.75307286,
          1
        ]
      },
      {
        "date" : 764147692.168783,
        "title" : "Untitled",
        "transform" : [
          0.999326,
          -1.3311469e-08,
          0.03670852,
          0,
          0.006338706,
          0.98497856,
          -0.17256013,
          0,
          -0.036157086,
          0.17267653,
          0.9843147,
          0,
          -0.4200494,
          0.2180795,
          0.38601983,
          1
        ]
      },
      {
        "date" : 764147690.354513,
        "title" : "Untitled",
        "transform" : [
          0.999326,
          -1.3311469e-08,
          0.03670852,
          0,
          0.006338706,
          0.98497856,
          -0.17256013,
          0,
          -0.036157086,
          0.17267653,
          0.9843147,
          0,
          -0.38729796,
          0.2469677,
          0.3821551,
          1
        ]
      },
      {
        "date" : 764075319.636552,
        "title" : "Untitled",
        "transform" : [
          0.98607165,
          -1.2395056e-08,
          0.16632116,
          0,
          -0.051362295,
          0.9511224,
          0.30451274,
          0,
          -0.15819177,
          -0.308814,
          0.93787485,
          0,
          -0.677014,
          -0.38529485,
          0.8616629,
          1
        ]
      },
      {
        "date" : 764075317.961941,
        "title" : "Untitled",
        "transform" : [
          0.98607165,
          -1.2395056e-08,
          0.16632116,
          0,
          -0.051362295,
          0.9511224,
          0.30451274,
          0,
          -0.15819177,
          -0.308814,
          0.93787485,
          0,
          -0.63468355,
          -0.008624703,
          0.38805264,
          1
        ]
      },
      {
        "date" : 764075315.612074,
        "title" : "Untitled",
        "transform" : [
          0.98607165,
          -1.2395056e-08,
          0.16632116,
          0,
          -0.051362302,
          0.9511225,
          0.30451277,
          0,
          -0.15819179,
          -0.30881402,
          0.937875,
          0,
          -0.53534734,
          0.033675402,
          0.64431,
          1
        ]
      },
      {
        "date" : 764075312.860708,
        "title" : "Untitled",
        "transform" : [
          1,
          0,
          0,
          0,
          0,
          0.7071069,
          -0.70710677,
          0,
          0,
          0.70710677,
          0.7071069,
          0,
          -0.42908555,
          0.7354872,
          0.5209446,
          1
        ]
      }
    ],
    "0D159C62-0E93-409F-A2F4-B60E998051BE" : [
      {
        "date" : 764154574.850737,
        "title" : "Untitled",
        "transform" : [
          0.99579686,
          5.2871325e-09,
          0.09158978,
          0,
          0.0023035817,
          0.9996837,
          -0.025045421,
          0,
          -0.09156081,
          0.025151134,
          0.99548185,
          0,
          -0.029035186,
          0.0064650625,
          0.31661415,
          1
        ]
      },
      {
        "date" : 764154510.200534,
        "title" : "Untitled",
        "transform" : [
          0.9957968,
          5.4619056e-09,
          0.091589786,
          0,
          0.0023035824,
          0.9996837,
          -0.02504542,
          0,
          -0.09156079,
          0.025151148,
          0.9954817,
          0,
          -0.015263693,
          -0.032644562,
          0.24495308,
          1
        ]
      },
      {
        "date" : 764154506.427134,
        "title" : "Untitled",
        "transform" : [
          0.9957968,
          5.4619056e-09,
          0.091589786,
          0,
          0.0023035824,
          0.9996837,
          -0.02504542,
          0,
          -0.09156079,
          0.025151148,
          0.9954817,
          0,
          0.003278075,
          0.030882701,
          0.24505346,
          1
        ]
      },
      {
        "date" : 764151751.938813,
        "title" : "Untitled",
        "transform" : [
          0.99568427,
          5.4619056e-09,
          0.092805296,
          0,
          0.0023341537,
          0.9996837,
          -0.02504259,
          0,
          -0.09277591,
          0.025151148,
          0.99536926,
          0,
          0.004862136,
          0.050405897,
          0.39997578,
          1
        ]
      },
      {
        "date" : 764147937.935983,
        "title" : "Untitled",
        "transform" : [
          0.99568427,
          5.4619056e-09,
          0.092805296,
          0,
          0.0023341537,
          0.9996837,
          -0.02504259,
          0,
          -0.09277591,
          0.025151148,
          0.99536926,
          0,
          0.004976226,
          0.022669146,
          0.13738734,
          1
        ]
      },
      {
        "date" : 764147929.565077,
        "title" : "Untitled",
        "transform" : [
          0.9777286,
          5.7582894e-09,
          -0.20987341,
          0,
          -0.018487623,
          0.9961126,
          -0.0861275,
          0,
          0.20905755,
          0.088089384,
          0.9739277,
          0,
          0.052950293,
          0.03627211,
          0.14864708,
          1
        ]
      },
      {
        "date" : 764147925.718232,
        "title" : "Untitled",
        "transform" : [
          0.9777286,
          5.7582894e-09,
          -0.20987341,
          0,
          -0.018487623,
          0.9961126,
          -0.0861275,
          0,
          0.20905755,
          0.088089384,
          0.9739277,
          0,
          0.008335184,
          0.0048895725,
          0.28833976,
          1
        ]
      },
      {
        "date" : 764075012.245288,
        "title" : "Untitled",
        "transform" : [
          0.9933878,
          5.1817577e-09,
          -0.11480695,
          0,
          -0.014879302,
          0.991566,
          -0.1287458,
          0,
          0.11383867,
          0.12960276,
          0.98500955,
          0,
          -0.019503906,
          0.016729131,
          0.28735507,
          1
        ]
      },
      {
        "date" : 764075005.39555,
        "title" : "Untitled",
        "transform" : [
          0.9933878,
          5.1817577e-09,
          -0.11480695,
          0,
          -0.014879302,
          0.991566,
          -0.1287458,
          0,
          0.11383867,
          0.12960276,
          0.98500955,
          0,
          -0.0325579,
          0.08350089,
          0.18292825,
          1
        ]
      },
      {
        "date" : 764074919.159128,
        "title" : "Untitled",
        "transform" : [
          0.9933878,
          5.1817577e-09,
          -0.11480695,
          0,
          -0.014879302,
          0.991566,
          -0.1287458,
          0,
          0.11383867,
          0.12960276,
          0.98500955,
          0,
          0.04220094,
          0.038664956,
          0.3671844,
          1
        ]
      }
    ],
    "6865F096-C05E-4918-91FD-54893F3E4052" : [
      {
        "date" : 758285845.385564,
        "title" : "Untitled",
        "transform" : [
          1,
          0,
          -0,
          0,
          -0,
          0.7071069,
          -0.7071067,
          0,
          0,
          0.7071067,
          0.7071069,
          0,
          0,
          0.10831201,
          0.10831201,
          1
        ]
      }
    ],
    "69F48840-7E19-4AE3-B581-9AC6CF6B9217" : [
      {
        "date" : 757690520.783204,
        "title" : "Untitled",
        "transform" : [
          1,
          -4.040518e-14,
          0.00011982361,
          0,
          -4.801891e-05,
          0.916189,
          0.4007467,
          0,
          -0.00010978108,
          -0.40074667,
          0.916189,
          0,
          -4.419253e-05,
          -0.16132116,
          0.3688132,
          1
        ]
      }
    ],
    "6B3CFE20-BE03-4412-91D9-2DEA5CE4F5BE" : [
      {
        "date" : 764071801.287414,
        "title" : "Untitled",
        "transform" : [
          0.9997643,
          -1.1036199e-08,
          -0.021711264,
          0,
          0.0005592278,
          0.99966824,
          0.025750918,
          0,
          0.02170406,
          -0.02575699,
          0.99943256,
          0,
          -0.5572586,
          0.18661958,
          1.6177344,
          1
        ]
      },
      {
        "date" : 764071799.872126,
        "title" : "Untitled",
        "transform" : [
          0.9997643,
          -1.1036199e-08,
          -0.021711264,
          0,
          0.0005592278,
          0.99966824,
          0.025750918,
          0,
          0.02170406,
          -0.02575699,
          0.99943256,
          0,
          -0.6594529,
          0.20121938,
          1.6203301,
          1
        ]
      },
      {
        "date" : 764071772.791711,
        "title" : "Untitled",
        "transform" : [
          0.9997643,
          -1.1036199e-08,
          -0.021711264,
          0,
          0.0005592278,
          0.99966824,
          0.025750918,
          0,
          0.02170406,
          -0.02575699,
          0.99943256,
          0,
          -0.86495817,
          -0.043745026,
          0.4377403,
          1
        ]
      },
      {
        "date" : 764071676.352316,
        "title" : "Untitled",
        "transform" : [
          0.9997643,
          -1.1036199e-08,
          -0.021711264,
          0,
          0.0005592278,
          0.99966824,
          0.025750918,
          0,
          0.02170406,
          -0.02575699,
          0.99943256,
          0,
          0.0049957987,
          0.27030694,
          1.3844204,
          1
        ]
      },
      {
        "date" : 764071550.889367,
        "title" : "Untitled",
        "transform" : [
          0.9997643,
          -1.1036199e-08,
          -0.021711264,
          0,
          0.0005592278,
          0.99966824,
          0.025750918,
          0,
          0.02170406,
          -0.02575699,
          0.99943256,
          0,
          0.006739365,
          -0.006620685,
          0.31127068,
          1
        ]
      },
      {
        "date" : 764071546.42396,
        "title" : "Untitled",
        "transform" : [
          0.9997643,
          -1.09148806e-08,
          -0.021711264,
          0,
          0.0005592279,
          0.99966824,
          0.02575093,
          0,
          0.02170406,
          -0.025757002,
          0.99943256,
          0,
          0.006739361,
          -0.0066206935,
          0.31127068,
          1
        ]
      },
      {
        "date" : 764071542.081936,
        "title" : "Untitled",
        "transform" : [
          0.9997643,
          -1.0874441e-08,
          -0.021711264,
          0,
          0.00055922795,
          0.99966824,
          0.025750933,
          0,
          0.02170406,
          -0.025757005,
          0.99943256,
          0,
          0.0067393184,
          -0.0066206753,
          0.31127077,
          1
        ]
      },
      {
        "date" : 758288496.424735,
        "title" : "Untitled",
        "transform" : [
          0.99976426,
          -1.0820541e-08,
          -0.021711262,
          0,
          0.0005592279,
          0.9996683,
          0.025750937,
          0,
          0.02170406,
          -0.025757004,
          0.9994326,
          0,
          0.59466374,
          0.30604717,
          0.9625897,
          1
        ]
      },
      {
        "date" : 758288471.352909,
        "title" : "Untitled",
        "transform" : [
          0.99976426,
          -1.0820541e-08,
          -0.021711262,
          0,
          0.0005592279,
          0.9996683,
          0.025750937,
          0,
          0.02170406,
          -0.025757004,
          0.9994326,
          0,
          0.7893015,
          0.6317289,
          0.96675617,
          1
        ]
      },
      {
        "date" : 758288405.051855,
        "title" : "Untitled",
        "transform" : [
          0.9993121,
          -1.08192255e-08,
          -0.037084773,
          0,
          0.0014697873,
          0.99921435,
          0.03960562,
          0,
          0.037055638,
          -0.039632883,
          0.998527,
          0,
          0.80419594,
          0.6183409,
          0.96869165,
          1
        ]
      }
    ],
    "6C3F6146-B588-4FE1-AD58-8C162F56735F" : [
      {
        "date" : 758288790.234929,
        "title" : "Untitled",
        "transform" : [
          0.9998992,
          1.3043011e-11,
          0.014200098,
          0,
          0.0006069992,
          0.999086,
          -0.042741876,
          0,
          -0.014187119,
          0.042746183,
          0.9989853,
          0,
          0.09801477,
          0.31865287,
          1.1591511,
          1
        ]
      },
      {
        "date" : 758288782.858274,
        "title" : "Untitled",
        "transform" : [
          0.9998992,
          4.4344424e-11,
          0.014200098,
          0,
          -0.00058244204,
          0.9991585,
          0.04101257,
          0,
          -0.014188148,
          -0.04101671,
          0.99905777,
          0,
          0.022346735,
          0.20707107,
          1.1298217,
          1
        ]
      },
      {
        "date" : 758288770.792258,
        "title" : "Untitled",
        "transform" : [
          0.9998992,
          4.4344424e-11,
          0.014200098,
          0,
          -0.00058244204,
          0.9991585,
          0.04101257,
          0,
          -0.014188148,
          -0.04101671,
          0.99905777,
          0,
          -0.345963,
          0.2559748,
          1.3903674,
          1
        ]
      }
    ],
    "7FF16649-B3D7-4A5B-9193-076A64EB06E6" : [
      {
        "date" : 758282977.434439,
        "title" : "Untitled",
        "transform" : [
          0.99501735,
          -2.9201679e-09,
          -0.09970162,
          0,
          0.0039338362,
          0.99922127,
          0.0392596,
          0,
          0.09962402,
          -0.039456222,
          0.99424267,
          0,
          0.054687932,
          0.05690755,
          0.6619824,
          1
        ]
      },
      {
        "date" : 758282971.768769,
        "title" : "Untitled",
        "transform" : [
          0.8207011,
          -5.7450715e-09,
          -0.5713578,
          0,
          -0.018792048,
          0.99945897,
          -0.026992977,
          0,
          0.57104874,
          0.032890122,
          0.82025707,
          0,
          0.36660767,
          0.10477528,
          0.54687375,
          1
        ]
      },
      {
        "date" : 758282947.217957,
        "title" : "Untitled",
        "transform" : [
          0.99991417,
          -2.7831923e-09,
          0.01310179,
          0,
          -0.0010018442,
          0.9970722,
          0.07645884,
          0,
          -0.013063399,
          -0.076465435,
          0.9969867,
          0,
          -0.020307312,
          0.032252103,
          0.66558045,
          1
        ]
      },
      {
        "date" : 758282942.175771,
        "title" : "Untitled",
        "transform" : [
          0.9975922,
          -3.0655198e-09,
          -0.069352664,
          0,
          -0.00660736,
          0.99545133,
          -0.095042355,
          0,
          0.06903724,
          0.09527173,
          0.9930545,
          0,
          0.033553176,
          0.14569995,
          0.6496889,
          1
        ]
      },
      {
        "date" : 758282937.884098,
        "title" : "Untitled",
        "transform" : [
          -0.9881543,
          4.6879123e-10,
          -0.15346354,
          0,
          0.032345727,
          0.9775354,
          -0.20827465,
          0,
          0.150016,
          -0.21077141,
          -0.9659558,
          0,
          0.113351636,
          -0.058197245,
          -0.6543809,
          1
        ]
      },
      {
        "date" : 758282933.904339,
        "title" : "Untitled",
        "transform" : [
          -0.93719006,
          1.1429497e-09,
          -0.34881902,
          0,
          -0.05624203,
          0.986916,
          0.15110838,
          0,
          0.34425503,
          0.16123554,
          -0.9249279,
          0,
          0.23386706,
          0.18861768,
          -0.5951298,
          1
        ]
      },
      {
        "date" : 758282930.432745,
        "title" : "Untitled",
        "transform" : [
          1,
          0,
          0,
          0,
          0,
          1,
          0,
          0,
          0,
          0,
          1,
          0,
          -0.011585325,
          0.08306756,
          0.66137385,
          1
        ]
      },
      {
        "date" : 758282928.484153,
        "title" : "Untitled",
        "transform" : [
          1,
          0,
          0,
          0,
          0,
          1,
          0,
          0,
          0,
          0,
          1,
          0,
          -0.03503412,
          0.25119698,
          2,
          1
        ]
      },
      {
        "date" : 758282924.958709,
        "title" : "Untitled",
        "transform" : [
          -0.10090527,
          6.574585e-09,
          0.99489605,
          0,
          0.38583657,
          0.9217369,
          0.03913272,
          0,
          -0.9170325,
          0.38781577,
          -0.09300806,
          0,
          -0.7334984,
          0.12987652,
          0.32781667,
          1
        ]
      },
      {
        "date" : 758282912.737629,
        "title" : "Untitled",
        "transform" : [
          -0.92420006,
          9.0755155e-09,
          -0.38190863,
          0,
          -0.2803956,
          0.67893827,
          0.6785434,
          0,
          0.25929242,
          0.73419523,
          -0.627475,
          0,
          -0.14806902,
          0.40628526,
          -0.6894632,
          1
        ]
      }
    ],
    "88382C59-1BDA-4A48-83C1-CF50C78D31FB" : [
      {
        "date" : 758284505.729114,
        "title" : "Untitled",
        "transform" : [
          0.9996615,
          -2.1748054e-09,
          0.026015636,
          0,
          0.0084352605,
          0.9459756,
          -0.3241282,
          0,
          -0.024610166,
          0.32423794,
          0.9456554,
          0,
          -0.023980338,
          0.8397982,
          1.0548865,
          1
        ]
      },
      {
        "date" : 758284161.301438,
        "title" : "Untitled",
        "transform" : [
          0.99249613,
          -1.699583e-09,
          0.12227571,
          0,
          0.002749717,
          0.99974716,
          -0.022319082,
          0,
          -0.122244805,
          0.022487825,
          0.99224526,
          0,
          -0.15061614,
          0.48076296,
          1.250921,
          1
        ]
      },
      {
        "date" : 758284152.884207,
        "title" : "Untitled",
        "transform" : [
          0.9999724,
          -1.7022178e-09,
          0.007426683,
          0,
          0.00016343415,
          0.9997579,
          -0.022005484,
          0,
          -0.0074248873,
          0.022006089,
          0.99973035,
          0,
          -0.005887759,
          0.4801558,
          1.2601736,
          1
        ]
      },
      {
        "date" : 758284135.875405,
        "title" : "Untitled",
        "transform" : [
          0.9999724,
          -1.7022178e-09,
          0.007426683,
          0,
          0.00016343415,
          0.9997579,
          -0.022005484,
          0,
          -0.0074248873,
          0.022006089,
          0.99973035,
          0,
          -0.0054768645,
          0.47805128,
          1.1722287,
          1
        ]
      },
      {
        "date" : 758284132.750719,
        "title" : "Untitled",
        "transform" : [
          0.9984596,
          -1.701371e-09,
          0.055483565,
          0,
          0.0011087155,
          0.9998003,
          -0.019951958,
          0,
          -0.055472493,
          0.019982738,
          0.99826026,
          0,
          -0.06186935,
          0.47567794,
          1.171574,
          1
        ]
      },
      {
        "date" : 758284128.914283,
        "title" : "Untitled",
        "transform" : [
          0.9995066,
          -1.77885e-09,
          0.031409625,
          0,
          0.001414232,
          0.9989858,
          -0.045003165,
          0,
          -0.031377774,
          0.045025375,
          0.99849296,
          0,
          -0.033236478,
          0.5049219,
          1.1604447,
          1
        ]
      },
      {
        "date" : 758284109.676878,
        "title" : "Untitled",
        "transform" : [
          0.9995066,
          -1.77885e-09,
          0.031409625,
          0,
          0.001414232,
          0.9989858,
          -0.045003165,
          0,
          -0.031377774,
          0.045025375,
          0.99849296,
          0,
          -0.07355309,
          0.5715436,
          2.5680912,
          1
        ]
      },
      {
        "date" : 758284106.351462,
        "title" : "Untitled",
        "transform" : [
          0.99999934,
          -1.6874417e-09,
          -0.001115443,
          0,
          -0.00022174933,
          0.9800399,
          -0.19880068,
          0,
          0.0010931789,
          0.19880082,
          0.9800393,
          0,
          0.009878824,
          0.9615441,
          2.45,
          1
        ]
      },
      {
        "date" : 758284081.50773,
        "title" : "Untitled",
        "transform" : [
          0.9999824,
          -1.6728126e-09,
          0.005919267,
          0,
          4.9648283e-05,
          0.99996483,
          -0.008387142,
          0,
          -0.0059190593,
          0.008387289,
          0.9999473,
          0,
          0.0003225224,
          0.4649729,
          1.1527553,
          1
        ]
      },
      {
        "date" : 758284053.625411,
        "title" : "Untitled",
        "transform" : [
          0.9999824,
          -1.6728126e-09,
          0.005919267,
          0,
          4.9648283e-05,
          0.99996483,
          -0.008387142,
          0,
          -0.0059190593,
          0.008387289,
          0.9999473,
          0,
          0.00034895912,
          0.46620023,
          1.2472451,
          1
        ]
      }
    ],
    "A6689D6A-EE6C-4FF8-B798-751326675DF0" : [
      {
        "date" : 755707025.911993,
        "title" : "Untitled",
        "transform" : [
          0.999985,
          0,
          -0.005477878,
          0,
          -0.0038734442,
          0.7071068,
          -0.7070961,
          0,
          0.0038734453,
          0.70710677,
          0.7070963,
          0,
          0.002612041,
          0.4745653,
          0.4771586,
          1
        ]
      },
      {
        "date" : 755707017.798506,
        "title" : "Untitled",
        "transform" : [
          0.999985,
          0,
          -0.005477878,
          0,
          -0.0038734442,
          0.7071068,
          -0.7070961,
          0,
          0.0038734453,
          0.70710677,
          0.7070963,
          0,
          0.00085887406,
          0.15604343,
          0.15689614,
          1
        ]
      },
      {
        "date" : 755706708.980231,
        "title" : "Untitled",
        "transform" : [
          0.999985,
          0,
          -0.005477878,
          0,
          -0.0038734442,
          0.7071068,
          -0.7070961,
          0,
          0.0038734453,
          0.70710677,
          0.7070963,
          0,
          0.017036235,
          3.1092613,
          3.1100695,
          1
        ]
      },
      {
        "date" : 755706706.001845,
        "title" : "Untitled",
        "transform" : [
          0.999985,
          0,
          -0.005477878,
          0,
          -0.0038734442,
          0.7071068,
          -0.7070961,
          0,
          0.0038734453,
          0.70710677,
          0.7070963,
          0,
          0.00115872,
          0.21147649,
          0.21153149,
          1
        ]
      },
      {
        "date" : 755706691.874947,
        "title" : "Untitled",
        "transform" : [
          0.9999995,
          0,
          -0.0009918212,
          0,
          -0.00070132344,
          0.7071069,
          -0.7071064,
          0,
          0.00070132356,
          0.70710677,
          0.70710653,
          0,
          0.001354004,
          1.3650613,
          1.3654362,
          1
        ]
      },
      {
        "date" : 755706689.950247,
        "title" : "Untitled",
        "transform" : [
          0.9999995,
          0,
          -0.0009918212,
          0,
          -0.00070132344,
          0.7071069,
          -0.7071064,
          0,
          0.00070132356,
          0.70710677,
          0.70710653,
          0,
          0.004304538,
          4.33969,
          4.3408823,
          1
        ]
      },
      {
        "date" : 755706674.541929,
        "title" : "Untitled",
        "transform" : [
          0.9999995,
          0,
          -0.0009918212,
          0,
          -0.00070132344,
          0.7071069,
          -0.7071064,
          0,
          0.00070132356,
          0.70710677,
          0.70710653,
          0,
          0.0049085473,
          4.948632,
          4.9499907,
          1
        ]
      },
      {
        "date" : 755706671.360154,
        "title" : "Untitled",
        "transform" : [
          0.9999995,
          0,
          -0.0009918212,
          0,
          -0.00070132344,
          0.7071069,
          -0.7071064,
          0,
          0.00070132356,
          0.70710677,
          0.70710653,
          0,
          0.03572372,
          36.01545,
          36.02534,
          1
        ]
      },
      {
        "date" : 755706436.614376,
        "title" : "Untitled",
        "transform" : [
          0.9999995,
          0,
          -0.0009918212,
          0,
          -0.00070132344,
          0.7071069,
          -0.7071064,
          0,
          0.00070132356,
          0.70710677,
          0.70710653,
          0,
          0.00033430313,
          0.3370331,
          0.3371257,
          1
        ]
      }
    ],
    "A7518375-FB43-4E8E-85ED-EEBF68DC0A95" : [
      {
        "date" : 763894382.434072,
        "title" : "Untitled",
        "transform" : [
          1,
          0,
          0,
          0,
          0,
          0.7071069,
          -0.70710677,
          0,
          0,
          0.70710677,
          0.7071069,
          0,
          0,
          0.61359906,
          0.6135992,
          1
        ]
      }
    ],
    "AFFFB4F2-1C93-4D85-B6B0-5EF91C29D232" : [
      {
        "date" : 758283884.667925,
        "title" : "Untitled",
        "transform" : [
          0.99924254,
          1.5741387e-08,
          -0.03891495,
          0,
          0.0041357917,
          0.9943366,
          0.106196746,
          0,
          0.038694568,
          -0.10627729,
          0.9935834,
          0,
          0.19940689,
          0.25989857,
          1.3565806,
          1
        ]
      },
      {
        "date" : 758283879.261236,
        "title" : "Untitled",
        "transform" : [
          0.99995875,
          1.2270929e-08,
          -0.009081602,
          0,
          -0.007219328,
          0.6066852,
          -0.7949094,
          0,
          0.0055096704,
          0.7949422,
          0.6066602,
          0,
          0.03421712,
          1.6412127,
          0.9705453,
          1
        ]
      },
      {
        "date" : 758283874.73556,
        "title" : "Untitled",
        "transform" : [
          0.9999589,
          1.2270931e-08,
          -0.009081603,
          0,
          -0.007219328,
          0.6066852,
          -0.7949094,
          0,
          0.005509671,
          0.7949423,
          0.60666025,
          0,
          0.06587827,
          1.5795615,
          1.0510433,
          1
        ]
      },
      {
        "date" : 758283813.189673,
        "title" : "Untitled",
        "transform" : [
          0.9996944,
          1.2647323e-08,
          -0.024721688,
          0,
          -0.00028140208,
          0.9999352,
          -0.011379965,
          0,
          0.024720093,
          0.011383488,
          0.9996297,
          0,
          0.085620254,
          0.49190646,
          1.1869329,
          1
        ]
      },
      {
        "date" : 758283794.486256,
        "title" : "Untitled",
        "transform" : [
          0.9996944,
          1.2647323e-08,
          -0.024721688,
          0,
          -0.00028140208,
          0.9999352,
          -0.011379965,
          0,
          0.024720093,
          0.011383488,
          0.9996297,
          0,
          0.14378634,
          0.4443162,
          1.1860363,
          1
        ]
      },
      {
        "date" : 758283790.595035,
        "title" : "Untitled",
        "transform" : [
          0.9996578,
          1.2391497e-08,
          -0.026159106,
          0,
          -0.0070861895,
          0.96261066,
          -0.270796,
          0,
          0.025181036,
          0.27088878,
          0.9622813,
          0,
          -0.012795866,
          0.8607133,
          1.2419102,
          1
        ]
      },
      {
        "date" : 758283778.965488,
        "title" : "Untitled",
        "transform" : [
          0.9966935,
          1.23481545e-08,
          0.081254,
          0,
          0.027026715,
          0.94306093,
          -0.3315201,
          0,
          -0.07662747,
          0.33262002,
          0.9399427,
          0,
          -0.05558777,
          0.9544039,
          1.2034826,
          1
        ]
      },
      {
        "date" : 758283718.884078,
        "title" : "Untitled",
        "transform" : [
          0.9966935,
          1.23481545e-08,
          0.081254,
          0,
          0.027026715,
          0.94306093,
          -0.3315201,
          0,
          -0.07662747,
          0.33262002,
          0.9399427,
          0,
          0.3556565,
          0.99753237,
          0.4983776,
          1
        ]
      },
      {
        "date" : 758283716.190005,
        "title" : "Untitled",
        "transform" : [
          0.9966935,
          1.23481545e-08,
          0.081254,
          0,
          0.027026715,
          0.94306093,
          -0.3315201,
          0,
          -0.07662747,
          0.33262002,
          0.9399427,
          0,
          0.4297366,
          1.1273503,
          1.1617302,
          1
        ]
      },
      {
        "date" : 758283268.239838,
        "title" : "Untitled",
        "transform" : [
          0.9966935,
          1.23481545e-08,
          0.081254,
          0,
          0.027026718,
          0.94306105,
          -0.33152014,
          0,
          -0.07662747,
          0.33262002,
          0.9399427,
          0,
          0.80691135,
          1.0062332,
          1.2353387,
          1
        ]
      }
    ]
  },
  "sceneViewportBackgroundColors" : {

  },
  "selectedSceneRelativePath" : "Materials\/Nodes\/PixelizeNode.usda"
}