{
  "advancedEditorSelectedIdentifier" : "ShaderGraphEditorPluginID",
  "openSceneRelativePaths" : [
    "Materials\/Nodes\/UENode.usda",
    "Materials\/UEMaterial.usda"
  ],
  "recentIdentifiers" : {
    "69F48840-7E19-4AE3-B581-9AC6CF6B9217" : [

    ],
    "6B3CFE20-BE03-4412-91D9-2DEA5CE4F5BE" : [

    ],
    "7FF16649-B3D7-4A5B-9193-076A64EB06E6" : [

    ],
    "88382C59-1BDA-4A48-83C1-CF50C78D31FB" : [

    ],
    "A6689D6A-EE6C-4FF8-B798-751326675DF0" : [

    ],
    "AFFFB4F2-1C93-4D85-B6B0-5EF91C29D232" : [

    ]
  },
  "sceneCameraHistory" : {
    "69F48840-7E19-4AE3-B581-9AC6CF6B9217" : [
      {
        "date" : 757690520.783204,
        "title" : "Untitled",
        "transform" : [
          1,
          -4.040518e-14,
          0.00011982361,
          0,
          -4.801891e-05,
          0.916189,
          0.4007467,
          0,
          -0.00010978108,
          -0.40074667,
          0.916189,
          0,
          -4.419253e-05,
          -0.16132116,
          0.3688132,
          1
        ]
      }
    ],
    "6B3CFE20-BE03-4412-91D9-2DEA5CE4F5BE" : [
      {
        "date" : 755954221.620454,
        "title" : "Untitled",
        "transform" : [
          0.99869543,
          -4.0577475e-10,
          0.051062644,
          0,
          0.02862096,
          0.8281497,
          -0.5597759,
          0,
          -0.042287506,
          0.560507,
          0.82706934,
          0,
          -0.5065779,
          0.372674,
          0.626838,
          1
        ]
      },
      {
        "date" : 755953238.315449,
        "title" : "Untitled",
        "transform" : [
          0.99869543,
          -4.0577475e-10,
          0.051062644,
          0,
          0.02862096,
          0.8281497,
          -0.5597759,
          0,
          -0.042287506,
          0.560507,
          0.82706934,
          0,
          0.060485005,
          0.54906994,
          1.0941231,
          1
        ]
      },
      {
        "date" : 755951055.909485,
        "title" : "Untitled",
        "transform" : [
          0.99869543,
          -4.0577475e-10,
          0.051062644,
          0,
          0.02862096,
          0.8281497,
          -0.5597759,
          0,
          -0.042287506,
          0.560507,
          0.82706934,
          0,
          0.13879591,
          1.2599595,
          2.510702,
          1
        ]
      },
      {
        "date" : 755951027.030526,
        "title" : "Untitled",
        "transform" : [
          0.99869543,
          -4.0577475e-10,
          0.051062644,
          0,
          0.02862096,
          0.8281497,
          -0.5597759,
          0,
          -0.042287506,
          0.560507,
          0.82706934,
          0,
          0.16674042,
          1.6163521,
          2.2706025,
          1
        ]
      },
      {
        "date" : 755950798.603208,
        "title" : "Untitled",
        "transform" : [
          0.9979099,
          -4.0577475e-10,
          0.06462012,
          0,
          0.036220025,
          0.8281497,
          -0.5593356,
          0,
          -0.053515133,
          0.560507,
          0.8264188,
          0,
          -0.3533497,
          0.88912106,
          1.4798081,
          1
        ]
      },
      {
        "date" : 755950282.558864,
        "title" : "Untitled",
        "transform" : [
          0.9979099,
          -4.0577475e-10,
          0.06462012,
          0,
          0.036220025,
          0.8281497,
          -0.5593356,
          0,
          -0.053515133,
          0.560507,
          0.8264188,
          0,
          -0.2863137,
          0.7978941,
          1.3279744,
          1
        ]
      },
      {
        "date" : 755950092.142249,
        "title" : "Untitled",
        "transform" : [
          0.9979099,
          -4.0577475e-10,
          0.06462012,
          0,
          0.036220025,
          0.8281497,
          -0.5593356,
          0,
          -0.053515133,
          0.560507,
          0.8264188,
          0,
          -0.25062847,
          0.42413452,
          0.77689826,
          1
        ]
      },
      {
        "date" : 755950051.65246,
        "title" : "Untitled",
        "transform" : [
          0.9992784,
          1.4854207e-10,
          0.037981935,
          0,
          0.014675664,
          0.92233735,
          -0.38610688,
          0,
          -0.035032153,
          0.38638565,
          0.9216718,
          0,
          -0.0040507466,
          0.1251242,
          0.37360334,
          1
        ]
      },
      {
        "date" : 755950045.952511,
        "title" : "Untitled",
        "transform" : [
          0.99629045,
          -2.6300784e-10,
          0.08605415,
          0,
          0.06609722,
          0.64034337,
          -0.7652396,
          0,
          -0.0551042,
          0.7680888,
          0.63796794,
          0,
          -0.013452172,
          0.2832184,
          0.27360243,
          1
        ]
      },
      {
        "date" : 755950027.125769,
        "title" : "Untitled",
        "transform" : [
          0.99629045,
          -2.6300784e-10,
          0.08605415,
          0,
          0.06609722,
          0.64034337,
          -0.7652396,
          0,
          -0.0551042,
          0.7680888,
          0.63796794,
          0,
          0.102220364,
          0.70132583,
          0.65847766,
          1
        ]
      }
    ],
    "7FF16649-B3D7-4A5B-9193-076A64EB06E6" : [
      {
        "date" : 757775627.426737,
        "title" : "Untitled",
        "transform" : [
          0.9752322,
          -4.7239688e-08,
          0.22118334,
          0,
          0.0521508,
          0.9718063,
          -0.22994089,
          0,
          -0.21494736,
          0.23578066,
          0.9477368,
          0,
          -0.07744692,
          0.06293303,
          0.3267883,
          1
        ]
      },
      {
        "date" : 757770745.570966,
        "title" : "Untitled",
        "transform" : [
          0.97523224,
          -4.8006616e-08,
          0.22118334,
          0,
          0.05215085,
          0.97180635,
          -0.22994086,
          0,
          -0.21494764,
          0.2357804,
          0.94773686,
          0,
          -0.15073362,
          0.6108965,
          1.6546528,
          1
        ]
      },
      {
        "date" : 757770731.691289,
        "title" : "Untitled",
        "transform" : [
          0.9834566,
          -4.8006616e-08,
          0.18114384,
          0,
          0.042710308,
          0.97180635,
          -0.23188001,
          0,
          -0.176037,
          0.2357804,
          0.95572937,
          0,
          -0.029572297,
          0.2176917,
          0.5913345,
          1
        ]
      },
      {
        "date" : 757770667.712621,
        "title" : "Untitled",
        "transform" : [
          0.9834566,
          -4.8006616e-08,
          0.18114384,
          0,
          0.042710308,
          0.97180635,
          -0.23188001,
          0,
          -0.176037,
          0.2357804,
          0.95572937,
          0,
          -0.018129928,
          0.13346054,
          0.36253023,
          1
        ]
      },
      {
        "date" : 757770658.304246,
        "title" : "Untitled",
        "transform" : [
          0.9834566,
          -4.8006616e-08,
          0.18114384,
          0,
          0.042710308,
          0.97180635,
          -0.23188001,
          0,
          -0.176037,
          0.2357804,
          0.95572937,
          0,
          -0.039925262,
          0.29390335,
          0.79835474,
          1
        ]
      },
      {
        "date" : 757770641.168935,
        "title" : "Untitled",
        "transform" : [
          0.9841567,
          -4.8006616e-08,
          0.17730084,
          0,
          0.041804206,
          0.97180635,
          -0.23204508,
          0,
          -0.17230235,
          0.2357804,
          0.9564097,
          0,
          -0.031455826,
          0.25117844,
          0.68242556,
          1
        ]
      },
      {
        "date" : 757651546.11995,
        "title" : "Untitled",
        "transform" : [
          0.9472238,
          -4.5405432e-08,
          -0.32057276,
          0,
          0.028708925,
          0.99598193,
          0.084828384,
          0,
          0.31928444,
          -0.089555,
          0.9434179,
          0,
          0.3167389,
          0.019849516,
          0.6550322,
          1
        ]
      },
      {
        "date" : 756554759.688203,
        "title" : "Untitled",
        "transform" : [
          0.9944112,
          -4.5334364e-08,
          0.10557671,
          0,
          -0.008714562,
          0.99658746,
          0.082082205,
          0,
          -0.10521669,
          -0.08254376,
          0.99101776,
          0,
          0.013324229,
          0.024929963,
          0.727314,
          1
        ]
      },
      {
        "date" : 756553293.834387,
        "title" : "Untitled",
        "transform" : [
          0.99991614,
          -4.0434912e-08,
          -0.012947034,
          0,
          -0.0086665675,
          0.7429074,
          -0.66933805,
          0,
          0.009618223,
          0.6693941,
          0.7428453,
          0,
          0.096197456,
          0.5428931,
          0.47518182,
          1
        ]
      },
      {
        "date" : 756553248.258461,
        "title" : "Untitled",
        "transform" : [
          0.99229974,
          -4.036304e-08,
          0.123859845,
          0,
          -0.0071630715,
          0.99832624,
          0.057387654,
          0,
          -0.12365278,
          -0.057833154,
          0.99063873,
          0,
          4.0504354e-05,
          0.042802185,
          0.7266035,
          1
        ]
      }
    ],
    "88382C59-1BDA-4A48-83C1-CF50C78D31FB" : [
      {
        "date" : 757511709.333857,
        "title" : "Untitled",
        "transform" : [
          0.9943445,
          -1.6706672e-09,
          -0.10620269,
          0,
          0.00014978566,
          0.999999,
          0.0014023832,
          0,
          0.10620259,
          -0.0014103597,
          0.9943435,
          0,
          0.2710985,
          0.44786954,
          1.4580735,
          1
        ]
      },
      {
        "date" : 757511531.68032,
        "title" : "Untitled",
        "transform" : [
          0.9943445,
          -1.6761281e-09,
          -0.106202684,
          0,
          0.00014978829,
          0.999999,
          0.0014023831,
          0,
          0.10620257,
          -0.0014103751,
          0.99434346,
          0,
          0.12879962,
          0.5982633,
          1.6562954,
          1
        ]
      },
      {
        "date" : 757511529.056084,
        "title" : "Untitled",
        "transform" : [
          0.99797344,
          -1.8143738e-09,
          0.06363128,
          0,
          -0.001835243,
          0.999584,
          0.028783454,
          0,
          -0.06360482,
          -0.028841915,
          0.9975583,
          0,
          -0.14037538,
          0.55533206,
          1.5012299,
          1
        ]
      },
      {
        "date" : 757510146.946465,
        "title" : "Untitled",
        "transform" : [
          0.99797344,
          -1.8143738e-09,
          0.06363128,
          0,
          -0.001835243,
          0.999584,
          0.028783454,
          0,
          -0.06360482,
          -0.028841915,
          0.9975583,
          0,
          0.10069698,
          0.09597333,
          1.5033196,
          1
        ]
      },
      {
        "date" : 757510027.509123,
        "title" : "Untitled",
        "transform" : [
          0.9886209,
          -1.7315038e-09,
          -0.1504285,
          0,
          0.0058796564,
          0.99923587,
          0.03864126,
          0,
          0.15031356,
          -0.03908604,
          0.98786545,
          0,
          0.24580011,
          0.112085745,
          0.9692262,
          1
        ]
      },
      {
        "date" : 757509995.142574,
        "title" : "Untitled",
        "transform" : [
          0.9951391,
          -3.1308856e-09,
          -0.09847889,
          0,
          -0.029282182,
          0.95477015,
          -0.29589942,
          0,
          0.09402471,
          0.29734477,
          0.95012915,
          0,
          0.19661483,
          0.4255422,
          0.9600459,
          1
        ]
      },
      {
        "date" : 757509980.354361,
        "title" : "Untitled",
        "transform" : [
          0.9951393,
          -3.7232364e-09,
          -0.09847891,
          0,
          -0.029282156,
          0.95477027,
          -0.29589945,
          0,
          0.09402479,
          0.29734468,
          0.95012915,
          0,
          0.51530546,
          0.37487447,
          0.35355234,
          1
        ]
      },
      {
        "date" : 757509975.565801,
        "title" : "Untitled",
        "transform" : [
          0.9857093,
          -3.7278736e-09,
          -0.16845576,
          0,
          -0.0435129,
          0.9660635,
          -0.25461346,
          0,
          0.16273901,
          0.25830474,
          0.95225763,
          0,
          0.5409298,
          0.36085576,
          0.36136672,
          1
        ]
      },
      {
        "date" : 757509973.880495,
        "title" : "Untitled",
        "transform" : [
          0.9857093,
          -3.7278736e-09,
          -0.16845576,
          0,
          -0.0435129,
          0.9660635,
          -0.25461346,
          0,
          0.16273901,
          0.25830474,
          0.95225763,
          0,
          0.5002233,
          0.40279275,
          0.61039233,
          1
        ]
      },
      {
        "date" : 757509851.24759,
        "title" : "Untitled",
        "transform" : [
          0.9977126,
          -3.3511978e-09,
          -0.06760081,
          0,
          -0.014558045,
          0.97653615,
          -0.21486107,
          0,
          0.066014685,
          0.21535362,
          0.97430223,
          0,
          0.21585853,
          0.48344684,
          1.4349833,
          1
        ]
      }
    ],
    "A6689D6A-EE6C-4FF8-B798-751326675DF0" : [
      {
        "date" : 755707025.911993,
        "title" : "Untitled",
        "transform" : [
          0.999985,
          0,
          -0.005477878,
          0,
          -0.0038734442,
          0.7071068,
          -0.7070961,
          0,
          0.0038734453,
          0.70710677,
          0.7070963,
          0,
          0.002612041,
          0.4745653,
          0.4771586,
          1
        ]
      },
      {
        "date" : 755707017.798506,
        "title" : "Untitled",
        "transform" : [
          0.999985,
          0,
          -0.005477878,
          0,
          -0.0038734442,
          0.7071068,
          -0.7070961,
          0,
          0.0038734453,
          0.70710677,
          0.7070963,
          0,
          0.00085887406,
          0.15604343,
          0.15689614,
          1
        ]
      },
      {
        "date" : 755706708.980231,
        "title" : "Untitled",
        "transform" : [
          0.999985,
          0,
          -0.005477878,
          0,
          -0.0038734442,
          0.7071068,
          -0.7070961,
          0,
          0.0038734453,
          0.70710677,
          0.7070963,
          0,
          0.017036235,
          3.1092613,
          3.1100695,
          1
        ]
      },
      {
        "date" : 755706706.001845,
        "title" : "Untitled",
        "transform" : [
          0.999985,
          0,
          -0.005477878,
          0,
          -0.0038734442,
          0.7071068,
          -0.7070961,
          0,
          0.0038734453,
          0.70710677,
          0.7070963,
          0,
          0.00115872,
          0.21147649,
          0.21153149,
          1
        ]
      },
      {
        "date" : 755706691.874947,
        "title" : "Untitled",
        "transform" : [
          0.9999995,
          0,
          -0.0009918212,
          0,
          -0.00070132344,
          0.7071069,
          -0.7071064,
          0,
          0.00070132356,
          0.70710677,
          0.70710653,
          0,
          0.001354004,
          1.3650613,
          1.3654362,
          1
        ]
      },
      {
        "date" : 755706689.950247,
        "title" : "Untitled",
        "transform" : [
          0.9999995,
          0,
          -0.0009918212,
          0,
          -0.00070132344,
          0.7071069,
          -0.7071064,
          0,
          0.00070132356,
          0.70710677,
          0.70710653,
          0,
          0.004304538,
          4.33969,
          4.3408823,
          1
        ]
      },
      {
        "date" : 755706674.541929,
        "title" : "Untitled",
        "transform" : [
          0.9999995,
          0,
          -0.0009918212,
          0,
          -0.00070132344,
          0.7071069,
          -0.7071064,
          0,
          0.00070132356,
          0.70710677,
          0.70710653,
          0,
          0.0049085473,
          4.948632,
          4.9499907,
          1
        ]
      },
      {
        "date" : 755706671.360154,
        "title" : "Untitled",
        "transform" : [
          0.9999995,
          0,
          -0.0009918212,
          0,
          -0.00070132344,
          0.7071069,
          -0.7071064,
          0,
          0.00070132356,
          0.70710677,
          0.70710653,
          0,
          0.03572372,
          36.01545,
          36.02534,
          1
        ]
      },
      {
        "date" : 755706436.614376,
        "title" : "Untitled",
        "transform" : [
          0.9999995,
          0,
          -0.0009918212,
          0,
          -0.00070132344,
          0.7071069,
          -0.7071064,
          0,
          0.00070132356,
          0.70710677,
          0.70710653,
          0,
          0.00033430313,
          0.3370331,
          0.3371257,
          1
        ]
      }
    ],
    "AFFFB4F2-1C93-4D85-B6B0-5EF91C29D232" : [
      {
        "date" : 757776763.122696,
        "title" : "Untitled",
        "transform" : [
          0.93895066,
          1.1924829e-08,
          -0.34405172,
          0,
          -0.05189163,
          0.98856044,
          -0.14161736,
          0,
          0.34011588,
          0.15082511,
          0.9282095,
          0,
          0.10205771,
          0.8633182,
          0.7804454,
          1
        ]
      },
      {
        "date" : 757770937.360805,
        "title" : "Untitled",
        "transform" : [
          0.9998584,
          0,
          0.016829649,
          0,
          0,
          1,
          0,
          0,
          -0.016829649,
          0,
          0.9998584,
          0,
          -0.33353317,
          0.62632173,
          1.3506955,
          1
        ]
      },
      {
        "date" : 757770930.471459,
        "title" : "Untitled",
        "transform" : [
          0.99981254,
          0,
          0.019362193,
          0,
          0,
          1,
          0,
          0,
          -0.019362193,
          0,
          0.99981254,
          0,
          -0.6790751,
          0.90073454,
          1.2786709,
          1
        ]
      },
      {
        "date" : 757770919.785047,
        "title" : "Untitled",
        "transform" : [
          0.99981254,
          0,
          0.019362193,
          0,
          0,
          1,
          0,
          0,
          -0.019362193,
          0,
          0.99981254,
          0,
          0.15071595,
          0.5450603,
          2.6011631,
          1
        ]
      },
      {
        "date" : 757770916.642917,
        "title" : "Untitled",
        "transform" : [
          0.99981254,
          0,
          0.019362193,
          0,
          0,
          1,
          0,
          0,
          -0.019362193,
          0,
          0.99981254,
          0,
          -0.59779334,
          0.79791224,
          0.7481458,
          1
        ]
      },
      {
        "date" : 757770895.066396,
        "title" : "Untitled",
        "transform" : [
          0.9998719,
          0,
          0.016005786,
          0,
          0,
          1,
          0,
          0,
          -0.016005786,
          0,
          0.9998719,
          0,
          0.8580857,
          0.31099665,
          4.3106103,
          1
        ]
      },
      {
        "date" : 757770889.693534,
        "title" : "Untitled",
        "transform" : [
          1,
          0,
          0,
          0,
          0,
          1,
          0,
          0,
          0,
          0,
          1,
          0,
          -0.4112296,
          0.74241376,
          1.1456165,
          1
        ]
      },
      {
        "date" : 757678655.297624,
        "title" : "Untitled",
        "transform" : [
          1,
          0,
          0,
          0,
          0,
          1,
          0,
          0,
          0,
          0,
          1,
          0,
          -0.046711892,
          0.6248884,
          2,
          1
        ]
      },
      {
        "date" : 757678645.143124,
        "title" : "Untitled",
        "transform" : [
          0.99634457,
          -9.0023955e-10,
          -0.08542587,
          0,
          -0.008867945,
          0.99459726,
          -0.10342919,
          0,
          0.08496433,
          0.103808664,
          0.99096155,
          0,
          -2.5858717,
          -9.36694,
          2.5034876,
          1
        ]
      },
      {
        "date" : 757678638.152031,
        "title" : "Untitled",
        "transform" : [
          0.99634457,
          -9.0023955e-10,
          -0.08542587,
          0,
          -0.008867945,
          0.99459726,
          -0.10342919,
          0,
          0.08496433,
          0.103808664,
          0.99096155,
          0,
          0.19977656,
          0.27726153,
          1.254365,
          1
        ]
      }
    ]
  },
  "sceneViewportBackgroundColors" : {

  },
  "selectedSceneRelativePath" : "Materials\/UEMaterial.usda"
}