{
  "advancedEditorSelectedIdentifier" : "ShaderGraphEditorPluginID",
  "openSceneRelativePaths" : [
    "Immersive.usda",
    "Materials\/UEMaterial.usda",
    "Materials\/Nodes\/UENode.usda"
  ],
  "recentIdentifiers" : {
    "6B3CFE20-BE03-4412-91D9-2DEA5CE4F5BE" : [

    ],
    "7FF16649-B3D7-4A5B-9193-076A64EB06E6" : [

    ],
    "A6689D6A-EE6C-4FF8-B798-751326675DF0" : [

    ],
    "AFFFB4F2-1C93-4D85-B6B0-5EF91C29D232" : [

    ]
  },
  "sceneCameraHistory" : {
    "6B3CFE20-BE03-4412-91D9-2DEA5CE4F5BE" : [
      {
        "date" : 755954221.620454,
        "title" : "Untitled",
        "transform" : [
          0.99869543,
          -4.0577475e-10,
          0.051062644,
          0,
          0.02862096,
          0.8281497,
          -0.5597759,
          0,
          -0.042287506,
          0.560507,
          0.82706934,
          0,
          -0.5065779,
          0.372674,
          0.626838,
          1
        ]
      },
      {
        "date" : 755953238.315449,
        "title" : "Untitled",
        "transform" : [
          0.99869543,
          -4.0577475e-10,
          0.051062644,
          0,
          0.02862096,
          0.8281497,
          -0.5597759,
          0,
          -0.042287506,
          0.560507,
          0.82706934,
          0,
          0.060485005,
          0.54906994,
          1.0941231,
          1
        ]
      },
      {
        "date" : 755951055.909485,
        "title" : "Untitled",
        "transform" : [
          0.99869543,
          -4.0577475e-10,
          0.051062644,
          0,
          0.02862096,
          0.8281497,
          -0.5597759,
          0,
          -0.042287506,
          0.560507,
          0.82706934,
          0,
          0.13879591,
          1.2599595,
          2.510702,
          1
        ]
      },
      {
        "date" : 755951027.030526,
        "title" : "Untitled",
        "transform" : [
          0.99869543,
          -4.0577475e-10,
          0.051062644,
          0,
          0.02862096,
          0.8281497,
          -0.5597759,
          0,
          -0.042287506,
          0.560507,
          0.82706934,
          0,
          0.16674042,
          1.6163521,
          2.2706025,
          1
        ]
      },
      {
        "date" : 755950798.603208,
        "title" : "Untitled",
        "transform" : [
          0.9979099,
          -4.0577475e-10,
          0.06462012,
          0,
          0.036220025,
          0.8281497,
          -0.5593356,
          0,
          -0.053515133,
          0.560507,
          0.8264188,
          0,
          -0.3533497,
          0.88912106,
          1.4798081,
          1
        ]
      },
      {
        "date" : 755950282.558864,
        "title" : "Untitled",
        "transform" : [
          0.9979099,
          -4.0577475e-10,
          0.06462012,
          0,
          0.036220025,
          0.8281497,
          -0.5593356,
          0,
          -0.053515133,
          0.560507,
          0.8264188,
          0,
          -0.2863137,
          0.7978941,
          1.3279744,
          1
        ]
      },
      {
        "date" : 755950092.142249,
        "title" : "Untitled",
        "transform" : [
          0.9979099,
          -4.0577475e-10,
          0.06462012,
          0,
          0.036220025,
          0.8281497,
          -0.5593356,
          0,
          -0.053515133,
          0.560507,
          0.8264188,
          0,
          -0.25062847,
          0.42413452,
          0.77689826,
          1
        ]
      },
      {
        "date" : 755950051.65246,
        "title" : "Untitled",
        "transform" : [
          0.9992784,
          1.4854207e-10,
          0.037981935,
          0,
          0.014675664,
          0.92233735,
          -0.38610688,
          0,
          -0.035032153,
          0.38638565,
          0.9216718,
          0,
          -0.0040507466,
          0.1251242,
          0.37360334,
          1
        ]
      },
      {
        "date" : 755950045.952511,
        "title" : "Untitled",
        "transform" : [
          0.99629045,
          -2.6300784e-10,
          0.08605415,
          0,
          0.06609722,
          0.64034337,
          -0.7652396,
          0,
          -0.0551042,
          0.7680888,
          0.63796794,
          0,
          -0.013452172,
          0.2832184,
          0.27360243,
          1
        ]
      },
      {
        "date" : 755950027.125769,
        "title" : "Untitled",
        "transform" : [
          0.99629045,
          -2.6300784e-10,
          0.08605415,
          0,
          0.06609722,
          0.64034337,
          -0.7652396,
          0,
          -0.0551042,
          0.7680888,
          0.63796794,
          0,
          0.102220364,
          0.70132583,
          0.65847766,
          1
        ]
      }
    ],
    "7FF16649-B3D7-4A5B-9193-076A64EB06E6" : [
      {
        "date" : 756223873.70476,
        "title" : "Untitled",
        "transform" : [
          0.034063112,
          -3.675203e-08,
          -0.9994198,
          0,
          -0.2022919,
          0.97930115,
          -0.0068946877,
          0,
          0.9787327,
          0.20240934,
          0.033358082,
          0,
          0.33980557,
          0.07193323,
          0.102451585,
          1
        ]
      },
      {
        "date" : 756221424.557967,
        "title" : "Untitled",
        "transform" : [
          0.41973612,
          -3.7577696e-08,
          -0.90764624,
          0,
          -0.8311432,
          0.4018336,
          -0.38435766,
          0,
          0.36472276,
          0.9157128,
          0.1686641,
          0,
          0.08890709,
          0.32140994,
          0.14117263,
          1
        ]
      },
      {
        "date" : 756221416.55502,
        "title" : "Untitled",
        "transform" : [
          0.7329817,
          -2.8232659e-08,
          0.68024844,
          0,
          0.4330278,
          0.77121645,
          -0.46659636,
          0,
          -0.5246188,
          0.6365731,
          0.56528753,
          0,
          -0.2500437,
          0.22392441,
          0.13592115,
          1
        ]
      },
      {
        "date" : 756221395.848411,
        "title" : "Untitled",
        "transform" : [
          0.92805076,
          2.2646844e-09,
          -0.37245393,
          0,
          -0.20765251,
          0.8301599,
          -0.5174118,
          0,
          0.3091963,
          0.5575254,
          0.7704305,
          0,
          0.023900423,
          0.19627255,
          0.30338818,
          1
        ]
      },
      {
        "date" : 756221389.099204,
        "title" : "Untitled",
        "transform" : [
          0.97931474,
          2.5037028e-10,
          -0.20234318,
          0,
          -0.039806187,
          0.9804585,
          -0.19265677,
          0,
          0.19838907,
          0.19672611,
          0.9601774,
          0,
          -0.019431897,
          0.069942065,
          0.35478026,
          1
        ]
      },
      {
        "date" : 756221353.189402,
        "title" : "Untitled",
        "transform" : [
          0.9985184,
          -1.9100899e-10,
          -0.054415077,
          0,
          -0.0072092763,
          0.9911848,
          -0.13229045,
          0,
          0.053935397,
          0.13248675,
          0.98971623,
          0,
          -0.07178255,
          0.047433253,
          0.3517611,
          1
        ]
      },
      {
        "date" : 756218474.106027,
        "title" : "Untitled",
        "transform" : [
          1,
          0,
          0,
          0,
          0,
          1,
          0,
          0,
          0,
          0,
          1,
          0,
          -0.09081731,
          0.0009979834,
          0.3505563,
          1
        ]
      },
      {
        "date" : 756140765.521442,
        "title" : "Untitled",
        "transform" : [
          1,
          0,
          0,
          0,
          0,
          1,
          0,
          0,
          0,
          0,
          1,
          0,
          -5.122274e-09,
          -6.9849193e-09,
          0.3505563,
          1
        ]
      },
      {
        "date" : 756132880.612497,
        "title" : "Untitled",
        "transform" : [
          1,
          0,
          0,
          0,
          0,
          1,
          0,
          0,
          0,
          0,
          1,
          0,
          -0.0030030734,
          0.0037527797,
          0.40635037,
          1
        ]
      },
      {
        "date" : 756128487.760099,
        "title" : "Untitled",
        "transform" : [
          0.12858662,
          2.5871776e-09,
          0.9916984,
          0,
          0.60266805,
          0.7941566,
          -0.07814377,
          0,
          -0.7875639,
          0.6077132,
          0.102117926,
          0,
          -0.31343392,
          0.21635325,
          0.0026184998,
          1
        ]
      }
    ],
    "A6689D6A-EE6C-4FF8-B798-751326675DF0" : [
      {
        "date" : 755707025.911993,
        "title" : "Untitled",
        "transform" : [
          0.999985,
          0,
          -0.005477878,
          0,
          -0.0038734442,
          0.7071068,
          -0.7070961,
          0,
          0.0038734453,
          0.70710677,
          0.7070963,
          0,
          0.002612041,
          0.4745653,
          0.4771586,
          1
        ]
      },
      {
        "date" : 755707017.798506,
        "title" : "Untitled",
        "transform" : [
          0.999985,
          0,
          -0.005477878,
          0,
          -0.0038734442,
          0.7071068,
          -0.7070961,
          0,
          0.0038734453,
          0.70710677,
          0.7070963,
          0,
          0.00085887406,
          0.15604343,
          0.15689614,
          1
        ]
      },
      {
        "date" : 755706708.980231,
        "title" : "Untitled",
        "transform" : [
          0.999985,
          0,
          -0.005477878,
          0,
          -0.0038734442,
          0.7071068,
          -0.7070961,
          0,
          0.0038734453,
          0.70710677,
          0.7070963,
          0,
          0.017036235,
          3.1092613,
          3.1100695,
          1
        ]
      },
      {
        "date" : 755706706.001845,
        "title" : "Untitled",
        "transform" : [
          0.999985,
          0,
          -0.005477878,
          0,
          -0.0038734442,
          0.7071068,
          -0.7070961,
          0,
          0.0038734453,
          0.70710677,
          0.7070963,
          0,
          0.00115872,
          0.21147649,
          0.21153149,
          1
        ]
      },
      {
        "date" : 755706691.874947,
        "title" : "Untitled",
        "transform" : [
          0.9999995,
          0,
          -0.0009918212,
          0,
          -0.00070132344,
          0.7071069,
          -0.7071064,
          0,
          0.00070132356,
          0.70710677,
          0.70710653,
          0,
          0.001354004,
          1.3650613,
          1.3654362,
          1
        ]
      },
      {
        "date" : 755706689.950247,
        "title" : "Untitled",
        "transform" : [
          0.9999995,
          0,
          -0.0009918212,
          0,
          -0.00070132344,
          0.7071069,
          -0.7071064,
          0,
          0.00070132356,
          0.70710677,
          0.70710653,
          0,
          0.004304538,
          4.33969,
          4.3408823,
          1
        ]
      },
      {
        "date" : 755706674.541929,
        "title" : "Untitled",
        "transform" : [
          0.9999995,
          0,
          -0.0009918212,
          0,
          -0.00070132344,
          0.7071069,
          -0.7071064,
          0,
          0.00070132356,
          0.70710677,
          0.70710653,
          0,
          0.0049085473,
          4.948632,
          4.9499907,
          1
        ]
      },
      {
        "date" : 755706671.360154,
        "title" : "Untitled",
        "transform" : [
          0.9999995,
          0,
          -0.0009918212,
          0,
          -0.00070132344,
          0.7071069,
          -0.7071064,
          0,
          0.00070132356,
          0.70710677,
          0.70710653,
          0,
          0.03572372,
          36.01545,
          36.02534,
          1
        ]
      },
      {
        "date" : 755706436.614376,
        "title" : "Untitled",
        "transform" : [
          0.9999995,
          0,
          -0.0009918212,
          0,
          -0.00070132344,
          0.7071069,
          -0.7071064,
          0,
          0.00070132356,
          0.70710677,
          0.70710653,
          0,
          0.00033430313,
          0.3370331,
          0.3371257,
          1
        ]
      }
    ],
    "AFFFB4F2-1C93-4D85-B6B0-5EF91C29D232" : [
      {
        "date" : 756223478.373622,
        "title" : "Untitled",
        "transform" : [
          0.9984681,
          -6.63814e-10,
          0.055329688,
          0,
          0.017206782,
          0.9504143,
          -0.31051004,
          0,
          -0.05258613,
          0.3109864,
          0.9489584,
          0,
          0.055710413,
          0.20836574,
          0.7396743,
          1
        ]
      },
      {
        "date" : 756223476.68829,
        "title" : "Untitled",
        "transform" : [
          0.9984681,
          -7.746431e-11,
          0.05532969,
          0,
          0.017206782,
          0.9504143,
          -0.31051004,
          0,
          -0.052586135,
          0.3109864,
          0.9489584,
          0,
          0.055710375,
          0.20836583,
          0.7396743,
          1
        ]
      },
      {
        "date" : 756223458.044903,
        "title" : "Untitled",
        "transform" : [
          0.99846816,
          9.873847e-10,
          0.055329695,
          0,
          0.017206794,
          0.9504144,
          -0.31051007,
          0,
          -0.052586142,
          0.31098652,
          0.9489585,
          0,
          -0.6178441,
          0.5571403,
          1.8571028,
          1
        ]
      },
      {
        "date" : 756223072.628733,
        "title" : "Untitled",
        "transform" : [
          0.96634376,
          9.817115e-10,
          0.25725418,
          0,
          0.03481362,
          0.9908009,
          -0.13077307,
          0,
          -0.25488767,
          0.13532774,
          0.95745426,
          0,
          -1.0004874,
          0.20909926,
          1.7596219,
          1
        ]
      },
      {
        "date" : 756222880.465837,
        "title" : "Untitled",
        "transform" : [
          0.96634376,
          9.817115e-10,
          0.25725418,
          0,
          0.03481362,
          0.9908009,
          -0.13077307,
          0,
          -0.25488767,
          0.13532774,
          0.95745426,
          0,
          -0.6026597,
          -0.0021197125,
          0.2652311,
          1
        ]
      },
      {
        "date" : 756218596.111415,
        "title" : "Untitled",
        "transform" : [
          0.96634376,
          9.817115e-10,
          0.25725418,
          0,
          0.03481362,
          0.9908009,
          -0.13077307,
          0,
          -0.25488767,
          0.13532774,
          0.95745426,
          0,
          0.36656255,
          0.062460847,
          0.51412374,
          1
        ]
      },
      {
        "date" : 756141466.907839,
        "title" : "Untitled",
        "transform" : [
          0.96634376,
          9.817115e-10,
          0.25725418,
          0,
          0.03481362,
          0.9908009,
          -0.13077307,
          0,
          -0.25488767,
          0.13532774,
          0.95745426,
          0,
          -0.12651637,
          0.12019605,
          0.98935,
          1
        ]
      },
      {
        "date" : 756141450.206108,
        "title" : "Untitled",
        "transform" : [
          0.99998885,
          8.4368984e-10,
          0.0047023757,
          0,
          0.0005464439,
          0.9932253,
          -0.11620345,
          0,
          -0.004670502,
          0.11620479,
          0.9932143,
          0,
          0.12759586,
          0.101118356,
          0.99134314,
          1
        ]
      },
      {
        "date" : 756141295.675998,
        "title" : "Untitled",
        "transform" : [
          0.8870959,
          8.860198e-10,
          0.46158496,
          0,
          0.01000597,
          0.9997651,
          -0.019229935,
          0,
          -0.4614765,
          0.021677455,
          0.88688755,
          0,
          -0.34234795,
          0.0068947095,
          0.9444666,
          1
        ]
      },
      {
        "date" : 755969595.774541,
        "title" : "Untitled",
        "transform" : [
          0.9868078,
          5.8597927e-10,
          0.1618959,
          0,
          0.0021695597,
          0.9999103,
          -0.013224127,
          0,
          -0.16188139,
          0.013400966,
          0.98671925,
          0,
          -0.030717256,
          -0.0013489083,
          1.004152,
          1
        ]
      }
    ]
  },
  "sceneViewportBackgroundColors" : {

  },
  "selectedSceneRelativePath" : "Materials\/Nodes\/UENode.usda"
}