{
  "advancedEditorSelectedIdentifier" : "ShaderGraphEditorPluginID",
  "openSceneRelativePaths" : [
    "Immersive.usda",
    "Materials\/UEMaterial.usda",
    "Materials\/Nodes\/UENode.usda"
  ],
  "recentIdentifiers" : {
    "6B3CFE20-BE03-4412-91D9-2DEA5CE4F5BE" : [

    ],
    "7FF16649-B3D7-4A5B-9193-076A64EB06E6" : [

    ],
    "A6689D6A-EE6C-4FF8-B798-751326675DF0" : [

    ],
    "AFFFB4F2-1C93-4D85-B6B0-5EF91C29D232" : [

    ]
  },
  "sceneCameraHistory" : {
    "6B3CFE20-BE03-4412-91D9-2DEA5CE4F5BE" : [
      {
        "date" : 755954221.620454,
        "title" : "Untitled",
        "transform" : [
          0.99869543,
          -4.0577475e-10,
          0.051062644,
          0,
          0.02862096,
          0.8281497,
          -0.5597759,
          0,
          -0.042287506,
          0.560507,
          0.82706934,
          0,
          -0.5065779,
          0.372674,
          0.626838,
          1
        ]
      },
      {
        "date" : 755953238.315449,
        "title" : "Untitled",
        "transform" : [
          0.99869543,
          -4.0577475e-10,
          0.051062644,
          0,
          0.02862096,
          0.8281497,
          -0.5597759,
          0,
          -0.042287506,
          0.560507,
          0.82706934,
          0,
          0.060485005,
          0.54906994,
          1.0941231,
          1
        ]
      },
      {
        "date" : 755951055.909485,
        "title" : "Untitled",
        "transform" : [
          0.99869543,
          -4.0577475e-10,
          0.051062644,
          0,
          0.02862096,
          0.8281497,
          -0.5597759,
          0,
          -0.042287506,
          0.560507,
          0.82706934,
          0,
          0.13879591,
          1.2599595,
          2.510702,
          1
        ]
      },
      {
        "date" : 755951027.030526,
        "title" : "Untitled",
        "transform" : [
          0.99869543,
          -4.0577475e-10,
          0.051062644,
          0,
          0.02862096,
          0.8281497,
          -0.5597759,
          0,
          -0.042287506,
          0.560507,
          0.82706934,
          0,
          0.16674042,
          1.6163521,
          2.2706025,
          1
        ]
      },
      {
        "date" : 755950798.603208,
        "title" : "Untitled",
        "transform" : [
          0.9979099,
          -4.0577475e-10,
          0.06462012,
          0,
          0.036220025,
          0.8281497,
          -0.5593356,
          0,
          -0.053515133,
          0.560507,
          0.8264188,
          0,
          -0.3533497,
          0.88912106,
          1.4798081,
          1
        ]
      },
      {
        "date" : 755950282.558864,
        "title" : "Untitled",
        "transform" : [
          0.9979099,
          -4.0577475e-10,
          0.06462012,
          0,
          0.036220025,
          0.8281497,
          -0.5593356,
          0,
          -0.053515133,
          0.560507,
          0.8264188,
          0,
          -0.2863137,
          0.7978941,
          1.3279744,
          1
        ]
      },
      {
        "date" : 755950092.142249,
        "title" : "Untitled",
        "transform" : [
          0.9979099,
          -4.0577475e-10,
          0.06462012,
          0,
          0.036220025,
          0.8281497,
          -0.5593356,
          0,
          -0.053515133,
          0.560507,
          0.8264188,
          0,
          -0.25062847,
          0.42413452,
          0.77689826,
          1
        ]
      },
      {
        "date" : 755950051.65246,
        "title" : "Untitled",
        "transform" : [
          0.9992784,
          1.4854207e-10,
          0.037981935,
          0,
          0.014675664,
          0.92233735,
          -0.38610688,
          0,
          -0.035032153,
          0.38638565,
          0.9216718,
          0,
          -0.0040507466,
          0.1251242,
          0.37360334,
          1
        ]
      },
      {
        "date" : 755950045.952511,
        "title" : "Untitled",
        "transform" : [
          0.99629045,
          -2.6300784e-10,
          0.08605415,
          0,
          0.06609722,
          0.64034337,
          -0.7652396,
          0,
          -0.0551042,
          0.7680888,
          0.63796794,
          0,
          -0.013452172,
          0.2832184,
          0.27360243,
          1
        ]
      },
      {
        "date" : 755950027.125769,
        "title" : "Untitled",
        "transform" : [
          0.99629045,
          -2.6300784e-10,
          0.08605415,
          0,
          0.06609722,
          0.64034337,
          -0.7652396,
          0,
          -0.0551042,
          0.7680888,
          0.63796794,
          0,
          0.102220364,
          0.70132583,
          0.65847766,
          1
        ]
      }
    ],
    "7FF16649-B3D7-4A5B-9193-076A64EB06E6" : [
      {
        "date" : 756307115.645576,
        "title" : "Untitled",
        "transform" : [
          -0.9754826,
          3.480697e-08,
          0.22007672,
          0,
          0.092031285,
          0.9083651,
          0.4079254,
          0,
          -0.19991,
          0.41817796,
          -0.8860944,
          0,
          -0.0543835,
          0.2281384,
          -0.42210668,
          1
        ]
      },
      {
        "date" : 756307113.762643,
        "title" : "Untitled",
        "transform" : [
          -0.97548246,
          3.4806966e-08,
          0.2200767,
          0,
          0.092031285,
          0.9083651,
          0.4079254,
          0,
          -0.19990997,
          0.4181779,
          -0.8860943,
          0,
          -0.025166765,
          0.1055744,
          -0.19533607,
          1
        ]
      },
      {
        "date" : 756307105.644374,
        "title" : "Untitled",
        "transform" : [
          -0.95472217,
          4.5909985e-08,
          -0.2974986,
          0,
          -0.25021607,
          0.54093194,
          0.8029848,
          0,
          0.16092658,
          0.84106624,
          -0.51643986,
          0,
          0.049894463,
          0.19446033,
          -0.09813883,
          1
        ]
      },
      {
        "date" : 756307057.079432,
        "title" : "Untitled",
        "transform" : [
          -0.1573747,
          3.5421387e-08,
          -0.987539,
          0,
          -0.14593206,
          0.98902124,
          0.02325586,
          0,
          0.976697,
          0.14777333,
          -0.15564689,
          0,
          0.21795991,
          0.04659385,
          -0.016062342,
          1
        ]
      },
      {
        "date" : 756306577.922274,
        "title" : "Untitled",
        "transform" : [
          0.058121342,
          3.099965e-08,
          -0.99830955,
          0,
          -0.60305715,
          0.79692495,
          -0.0351098,
          0,
          0.7955779,
          0.6040782,
          0.046318386,
          0,
          0.16737495,
          0.14534456,
          0.02821494,
          1
        ]
      },
      {
        "date" : 756306054.399556,
        "title" : "Untitled",
        "transform" : [
          0.4789345,
          3.104676e-08,
          -0.87785065,
          0,
          -0.57950026,
          0.75114673,
          -0.31616154,
          0,
          0.65939474,
          0.66013515,
          0.35975015,
          0,
          0.12967406,
          0.15716775,
          0.091752015,
          1
        ]
      },
      {
        "date" : 756306010.229505,
        "title" : "Untitled",
        "transform" : [
          0.812006,
          3.1626946e-08,
          -0.5836491,
          0,
          -0.08974411,
          0.9881077,
          -0.124857046,
          0,
          0.57670814,
          0.15376353,
          0.8023493,
          0,
          0.11196241,
          0.047912598,
          0.18736142,
          1
        ]
      },
      {
        "date" : 756305979.107127,
        "title" : "Untitled",
        "transform" : [
          0.32672793,
          2.784849e-08,
          0.9451184,
          0,
          0.4445083,
          0.8824959,
          -0.15366682,
          0,
          -0.8340631,
          0.47032005,
          0.28833607,
          0,
          -0.18522929,
          0.116804235,
          0.044523936,
          1
        ]
      },
      {
        "date" : 756305977.936029,
        "title" : "Untitled",
        "transform" : [
          0.32672793,
          2.784849e-08,
          0.9451184,
          0,
          0.4445083,
          0.8824959,
          -0.15366682,
          0,
          -0.83406323,
          0.4703201,
          0.2883361,
          0,
          -0.3046693,
          0.19212224,
          0.07323397,
          1
        ]
      },
      {
        "date" : 756305973.863244,
        "title" : "Untitled",
        "transform" : [
          0.65760565,
          2.9408412e-08,
          0.7533624,
          0,
          0.15648343,
          0.97818977,
          -0.13659357,
          0,
          -0.7369313,
          0.20771329,
          0.6432631,
          0,
          -0.18098986,
          0.06225796,
          0.13248858,
          1
        ]
      }
    ],
    "A6689D6A-EE6C-4FF8-B798-751326675DF0" : [
      {
        "date" : 755707025.911993,
        "title" : "Untitled",
        "transform" : [
          0.999985,
          0,
          -0.005477878,
          0,
          -0.0038734442,
          0.7071068,
          -0.7070961,
          0,
          0.0038734453,
          0.70710677,
          0.7070963,
          0,
          0.002612041,
          0.4745653,
          0.4771586,
          1
        ]
      },
      {
        "date" : 755707017.798506,
        "title" : "Untitled",
        "transform" : [
          0.999985,
          0,
          -0.005477878,
          0,
          -0.0038734442,
          0.7071068,
          -0.7070961,
          0,
          0.0038734453,
          0.70710677,
          0.7070963,
          0,
          0.00085887406,
          0.15604343,
          0.15689614,
          1
        ]
      },
      {
        "date" : 755706708.980231,
        "title" : "Untitled",
        "transform" : [
          0.999985,
          0,
          -0.005477878,
          0,
          -0.0038734442,
          0.7071068,
          -0.7070961,
          0,
          0.0038734453,
          0.70710677,
          0.7070963,
          0,
          0.017036235,
          3.1092613,
          3.1100695,
          1
        ]
      },
      {
        "date" : 755706706.001845,
        "title" : "Untitled",
        "transform" : [
          0.999985,
          0,
          -0.005477878,
          0,
          -0.0038734442,
          0.7071068,
          -0.7070961,
          0,
          0.0038734453,
          0.70710677,
          0.7070963,
          0,
          0.00115872,
          0.21147649,
          0.21153149,
          1
        ]
      },
      {
        "date" : 755706691.874947,
        "title" : "Untitled",
        "transform" : [
          0.9999995,
          0,
          -0.0009918212,
          0,
          -0.00070132344,
          0.7071069,
          -0.7071064,
          0,
          0.00070132356,
          0.70710677,
          0.70710653,
          0,
          0.001354004,
          1.3650613,
          1.3654362,
          1
        ]
      },
      {
        "date" : 755706689.950247,
        "title" : "Untitled",
        "transform" : [
          0.9999995,
          0,
          -0.0009918212,
          0,
          -0.00070132344,
          0.7071069,
          -0.7071064,
          0,
          0.00070132356,
          0.70710677,
          0.70710653,
          0,
          0.004304538,
          4.33969,
          4.3408823,
          1
        ]
      },
      {
        "date" : 755706674.541929,
        "title" : "Untitled",
        "transform" : [
          0.9999995,
          0,
          -0.0009918212,
          0,
          -0.00070132344,
          0.7071069,
          -0.7071064,
          0,
          0.00070132356,
          0.70710677,
          0.70710653,
          0,
          0.0049085473,
          4.948632,
          4.9499907,
          1
        ]
      },
      {
        "date" : 755706671.360154,
        "title" : "Untitled",
        "transform" : [
          0.9999995,
          0,
          -0.0009918212,
          0,
          -0.00070132344,
          0.7071069,
          -0.7071064,
          0,
          0.00070132356,
          0.70710677,
          0.70710653,
          0,
          0.03572372,
          36.01545,
          36.02534,
          1
        ]
      },
      {
        "date" : 755706436.614376,
        "title" : "Untitled",
        "transform" : [
          0.9999995,
          0,
          -0.0009918212,
          0,
          -0.00070132344,
          0.7071069,
          -0.7071064,
          0,
          0.00070132356,
          0.70710677,
          0.70710653,
          0,
          0.00033430313,
          0.3370331,
          0.3371257,
          1
        ]
      }
    ],
    "AFFFB4F2-1C93-4D85-B6B0-5EF91C29D232" : [
      {
        "date" : 756304951.98052,
        "title" : "Untitled",
        "transform" : [
          0.9984681,
          -6.63814e-10,
          0.055329688,
          0,
          0.017206782,
          0.9504143,
          -0.31051004,
          0,
          -0.05258613,
          0.3109864,
          0.9489584,
          0,
          0.42486316,
          0.35570484,
          0.71184576,
          1
        ]
      },
      {
        "date" : 756223478.373622,
        "title" : "Untitled",
        "transform" : [
          0.9984681,
          -6.63814e-10,
          0.055329688,
          0,
          0.017206782,
          0.9504143,
          -0.31051004,
          0,
          -0.05258613,
          0.3109864,
          0.9489584,
          0,
          0.055710413,
          0.20836574,
          0.7396743,
          1
        ]
      },
      {
        "date" : 756223476.68829,
        "title" : "Untitled",
        "transform" : [
          0.9984681,
          -7.746431e-11,
          0.05532969,
          0,
          0.017206782,
          0.9504143,
          -0.31051004,
          0,
          -0.052586135,
          0.3109864,
          0.9489584,
          0,
          0.055710375,
          0.20836583,
          0.7396743,
          1
        ]
      },
      {
        "date" : 756223458.044903,
        "title" : "Untitled",
        "transform" : [
          0.99846816,
          9.873847e-10,
          0.055329695,
          0,
          0.017206794,
          0.9504144,
          -0.31051007,
          0,
          -0.052586142,
          0.31098652,
          0.9489585,
          0,
          -0.6178441,
          0.5571403,
          1.8571028,
          1
        ]
      },
      {
        "date" : 756223072.628733,
        "title" : "Untitled",
        "transform" : [
          0.96634376,
          9.817115e-10,
          0.25725418,
          0,
          0.03481362,
          0.9908009,
          -0.13077307,
          0,
          -0.25488767,
          0.13532774,
          0.95745426,
          0,
          -1.0004874,
          0.20909926,
          1.7596219,
          1
        ]
      },
      {
        "date" : 756222880.465837,
        "title" : "Untitled",
        "transform" : [
          0.96634376,
          9.817115e-10,
          0.25725418,
          0,
          0.03481362,
          0.9908009,
          -0.13077307,
          0,
          -0.25488767,
          0.13532774,
          0.95745426,
          0,
          -0.6026597,
          -0.0021197125,
          0.2652311,
          1
        ]
      },
      {
        "date" : 756218596.111415,
        "title" : "Untitled",
        "transform" : [
          0.96634376,
          9.817115e-10,
          0.25725418,
          0,
          0.03481362,
          0.9908009,
          -0.13077307,
          0,
          -0.25488767,
          0.13532774,
          0.95745426,
          0,
          0.36656255,
          0.062460847,
          0.51412374,
          1
        ]
      },
      {
        "date" : 756141466.907839,
        "title" : "Untitled",
        "transform" : [
          0.96634376,
          9.817115e-10,
          0.25725418,
          0,
          0.03481362,
          0.9908009,
          -0.13077307,
          0,
          -0.25488767,
          0.13532774,
          0.95745426,
          0,
          -0.12651637,
          0.12019605,
          0.98935,
          1
        ]
      },
      {
        "date" : 756141450.206108,
        "title" : "Untitled",
        "transform" : [
          0.99998885,
          8.4368984e-10,
          0.0047023757,
          0,
          0.0005464439,
          0.9932253,
          -0.11620345,
          0,
          -0.004670502,
          0.11620479,
          0.9932143,
          0,
          0.12759586,
          0.101118356,
          0.99134314,
          1
        ]
      },
      {
        "date" : 756141295.675998,
        "title" : "Untitled",
        "transform" : [
          0.8870959,
          8.860198e-10,
          0.46158496,
          0,
          0.01000597,
          0.9997651,
          -0.019229935,
          0,
          -0.4614765,
          0.021677455,
          0.88688755,
          0,
          -0.34234795,
          0.0068947095,
          0.9444666,
          1
        ]
      }
    ]
  },
  "sceneViewportBackgroundColors" : {

  },
  "selectedSceneRelativePath" : "Materials\/Nodes\/UENode.usda"
}